-37.9967862178 149.127168073 29.802813671
-39.4167296292 149.452197061 29.1165545122
-38.7351257089 149.576879812 28.7625641458
-38.2037949329 148.563571635 29.2093496479
-37.8801169846 146.900986486 29.4511973821
-14.0487364594 136.538643278 27.308112742
-13.4850046951 135.960466368 27.4145696079
-13.6763541901 136.120182042 27.2266415333
-13.7698777891 135.357392857 27.3494599421
-13.9463947733 135.633785218 27.5942435441
3.65151378642 167.252413964 12.0650486076
2.57305781353 165.823030631 12.9973995478
2.99604008813 166.62113644 12.2520760466
3.07744523452 165.733085226 12.5940845823
3.0230607792 166.754543179 12.2477334221
19.8485018621 140.672051206 29.685230018
20.1543388535 140.2444808 29.7167925222
20.1651531342 140.273466581 30.5165311164
20.5322704036 140.633213702 30.3401625216
20.7049592453 141.093865108 29.5087289754
43.3204432407 161.099063081 39.7747747151
44.2403046812 161.293736998 39.2089022922
44.4851853162 161.802107171 39.4788516048
44.0551518369 161.43889369 39.7432297723
43.1893459704 161.424211731 40.1322444659
