89.52 63.85 48.25 to 92.96 63.85 48.25
92.96 64.17 48.25 to 89.52 64.17 48.25
89.52 64.48 48.25 to 92.96 64.48 48.25
92.96 64.79 48.25 to 89.52 64.79 48.25
89.52 65.10 48.25 to 92.96 65.10 48.25
92.96 65.42 48.25 to 89.52 65.42 48.25
89.52 65.73 48.25 to 92.96 65.73 48.25
92.96 66.04 48.25 to 89.52 66.04 48.25
89.52 66.36 48.25 to 92.96 66.36 48.25
92.96 66.67 48.25 to 89.52 66.67 48.25
89.52 66.98 48.25 to 92.96 66.98 48.25
92.96 67.30 48.25 to 89.52 67.30 48.25
89.52 67.61 48.25 to 92.96 67.61 48.25
92.96 67.92 48.25 to 89.52 67.92 48.25
89.52 63.85 48.5 to 92.96 63.85 48.5
92.96 64.17 48.5 to 89.52 64.17 48.5
89.52 64.48 48.5 to 92.96 64.48 48.5
92.96 64.79 48.5 to 89.52 64.79 48.5
89.52 65.10 48.5 to 92.96 65.10 48.5
92.96 65.42 48.5 to 89.52 65.42 48.5
89.52 65.73 48.5 to 92.96 65.73 48.5
92.96 66.04 48.5 to 89.52 66.04 48.5
89.52 66.36 48.5 to 92.96 66.36 48.5
92.96 66.67 48.5 to 89.52 66.67 48.5
89.52 66.98 48.5 to 92.96 66.98 48.5
92.96 67.30 48.5 to 89.52 67.30 48.5
89.52 67.61 48.5 to 92.96 67.61 48.5
92.96 67.92 48.5 to 89.52 67.92 48.5
89.52 63.85 48.75 to 92.96 63.85 48.75
92.96 64.17 48.75 to 89.52 64.17 48.75
89.52 64.48 48.75 to 92.96 64.48 48.75
92.96 64.79 48.75 to 89.52 64.79 48.75
89.52 65.10 48.75 to 92.96 65.10 48.75
92.96 65.42 48.75 to 89.52 65.42 48.75
89.52 65.73 48.75 to 92.96 65.73 48.75
92.96 66.04 48.75 to 89.52 66.04 48.75
89.52 66.36 48.75 to 92.96 66.36 48.75
92.96 66.67 48.75 to 89.52 66.67 48.75
89.52 66.98 48.75 to 92.96 66.98 48.75
92.96 67.30 48.75 to 89.52 67.30 48.75
89.52 67.61 48.75 to 92.96 67.61 48.75
92.96 67.92 48.75 to 89.52 67.92 48.75
92.96 64.17 49 to 89.52 64.17 49
89.52 64.48 49 to 92.96 64.48 49
92.96 64.79 49 to 89.52 64.79 49
89.52 65.10 49 to 92.96 65.10 49
92.96 65.42 49 to 89.52 65.42 49
89.52 65.73 49 to 92.96 65.73 49
92.96 66.04 49 to 89.52 66.04 49
89.52 66.36 49 to 92.96 66.36 49
92.96 66.67 49 to 89.52 66.67 49
89.52 66.98 49 to 92.96 66.98 49
92.96 67.30 49 to 89.52 67.30 49
89.52 67.61 49 to 92.96 67.61 49
92.96 67.92 49 to 89.52 67.92 49
92.96 64.17 49.25 to 89.52 64.17 49.25
89.52 64.48 49.25 to 92.96 64.48 49.25
92.96 64.79 49.25 to 89.52 64.79 49.25
89.52 65.10 49.25 to 92.96 65.10 49.25
92.96 65.42 49.25 to 89.52 65.42 49.25
89.52 65.73 49.25 to 92.96 65.73 49.25
92.96 66.04 49.25 to 89.52 66.04 49.25
89.52 66.36 49.25 to 92.96 66.36 49.25
92.96 66.67 49.25 to 89.52 66.67 49.25
89.52 66.98 49.25 to 92.96 66.98 49.25
92.96 67.30 49.25 to 89.52 67.30 49.25
89.52 67.61 49.25 to 92.96 67.61 49.25
92.96 67.92 49.25 to 89.52 67.92 49.25
92.96 64.17 49.5 to 89.52 64.17 49.5
89.52 64.48 49.5 to 92.96 64.48 49.5
92.96 64.79 49.5 to 89.52 64.79 49.5
89.52 65.10 49.5 to 92.96 65.10 49.5
92.96 65.42 49.5 to 89.52 65.42 49.5
89.52 65.73 49.5 to 92.96 65.73 49.5
92.96 66.04 49.5 to 89.52 66.04 49.5
89.52 66.36 49.5 to 92.96 66.36 49.5
92.96 66.67 49.5 to 89.52 66.67 49.5
89.52 66.98 49.5 to 92.96 66.98 49.5
92.96 67.30 49.5 to 89.52 67.30 49.5
89.52 67.61 49.5 to 92.96 67.61 49.5
92.96 67.92 49.5 to 89.52 67.92 49.5
92.96 64.17 49.75 to 89.52 64.17 49.75
89.52 64.48 49.75 to 92.96 64.48 49.75
92.96 64.79 49.75 to 89.52 64.79 49.75
89.52 65.10 49.75 to 92.96 65.10 49.75
92.96 65.42 49.75 to 89.52 65.42 49.75
89.52 65.73 49.75 to 92.96 65.73 49.75
92.96 66.04 49.75 to 89.52 66.04 49.75
89.52 66.36 49.75 to 92.96 66.36 49.75
92.96 66.67 49.75 to 89.52 66.67 49.75
89.52 66.98 49.75 to 92.96 66.98 49.75
92.96 67.30 49.75 to 89.52 67.30 49.75
89.52 67.61 49.75 to 92.96 67.61 49.75
92.96 67.92 49.75 to 89.52 67.92 49.75
92.96 64.17 50 to 89.52 64.17 50
89.52 64.48 50 to 92.96 64.48 50
92.96 64.79 50 to 89.52 64.79 50
89.52 65.10 50 to 92.96 65.10 50
92.96 65.42 50 to 89.52 65.42 50
89.52 65.73 50 to 92.96 65.73 50
92.96 66.04 50 to 89.52 66.04 50
89.52 66.36 50 to 92.96 66.36 50
92.96 66.67 50 to 89.52 66.67 50
89.52 66.98 50 to 92.96 66.98 50
92.96 67.30 50 to 89.52 67.30 50
89.52 67.61 50 to 92.96 67.61 50
92.96 67.92 50 to 89.52 67.92 50
92.96 64.17 50.25 to 89.52 64.17 50.25
89.52 64.48 50.25 to 92.96 64.48 50.25
92.96 64.79 50.25 to 89.52 64.79 50.25
89.52 65.10 50.25 to 92.96 65.10 50.25
92.96 65.42 50.25 to 89.52 65.42 50.25
89.52 65.73 50.25 to 92.96 65.73 50.25
92.96 66.04 50.25 to 89.52 66.04 50.25
89.52 66.36 50.25 to 92.96 66.36 50.25
92.96 66.67 50.25 to 89.52 66.67 50.25
89.52 66.98 50.25 to 92.96 66.98 50.25
92.96 67.30 50.25 to 89.52 67.30 50.25
89.52 67.61 50.25 to 92.96 67.61 50.25
92.96 67.92 50.25 to 89.52 67.92 50.25
92.96 64.17 50.5 to 89.52 64.17 50.5
89.52 64.48 50.5 to 92.96 64.48 50.5
92.96 64.79 50.5 to 89.52 64.79 50.5
89.52 65.10 50.5 to 92.96 65.10 50.5
92.96 65.42 50.5 to 89.52 65.42 50.5
89.52 65.73 50.5 to 92.96 65.73 50.5
92.96 66.04 50.5 to 89.52 66.04 50.5
89.52 66.36 50.5 to 92.96 66.36 50.5
92.96 66.67 50.5 to 89.52 66.67 50.5
89.52 66.98 50.5 to 92.96 66.98 50.5
92.96 67.30 50.5 to 89.52 67.30 50.5
89.52 67.61 50.5 to 92.96 67.61 50.5
92.96 67.92 50.5 to 89.52 67.92 50.5
92.96 64.17 50.75 to 89.52 64.17 50.75
89.52 64.48 50.75 to 92.96 64.48 50.75
92.96 64.79 50.75 to 89.52 64.79 50.75
89.52 65.10 50.75 to 92.96 65.10 50.75
92.96 65.42 50.75 to 89.52 65.42 50.75
89.52 65.73 50.75 to 92.96 65.73 50.75
92.96 66.04 50.75 to 89.52 66.04 50.75
89.52 66.36 50.75 to 92.96 66.36 50.75
92.96 66.67 50.75 to 89.52 66.67 50.75
89.52 66.98 50.75 to 92.96 66.98 50.75
92.96 67.30 50.75 to 89.52 67.30 50.75
89.52 67.61 50.75 to 92.96 67.61 50.75
92.96 67.92 50.75 to 89.52 67.92 50.75
89.52 64.48 51 to 92.96 64.48 51
92.96 64.79 51 to 89.52 64.79 51
89.52 65.10 51 to 92.96 65.10 51
92.96 65.42 51 to 89.52 65.42 51
89.52 65.73 51 to 92.96 65.73 51
92.96 66.04 51 to 89.52 66.04 51
89.52 66.36 51 to 92.96 66.36 51
92.96 66.67 51 to 89.52 66.67 51
89.52 66.98 51 to 92.96 66.98 51
92.96 67.30 51 to 89.52 67.30 51
89.52 67.61 51 to 92.96 67.61 51
92.96 67.92 51 to 89.52 67.92 51
89.52 64.48 51.25 to 92.96 64.48 51.25
92.96 64.79 51.25 to 89.52 64.79 51.25
89.52 65.10 51.25 to 92.96 65.10 51.25
92.96 65.42 51.25 to 89.52 65.42 51.25
89.52 65.73 51.25 to 92.96 65.73 51.25
92.96 66.04 51.25 to 89.52 66.04 51.25
89.52 66.36 51.25 to 92.96 66.36 51.25
92.96 66.67 51.25 to 89.52 66.67 51.25
89.52 66.98 51.25 to 92.96 66.98 51.25
92.96 67.30 51.25 to 89.52 67.30 51.25
89.52 67.61 51.25 to 92.96 67.61 51.25
92.96 67.92 51.25 to 89.52 67.92 51.25
89.52 64.48 51.5 to 92.96 64.48 51.5
92.96 64.79 51.5 to 89.52 64.79 51.5
89.52 65.10 51.5 to 92.96 65.10 51.5
92.96 65.42 51.5 to 89.52 65.42 51.5
89.52 65.73 51.5 to 92.96 65.73 51.5
92.96 66.04 51.5 to 89.52 66.04 51.5
89.52 66.36 51.5 to 92.96 66.36 51.5
92.96 66.67 51.5 to 89.52 66.67 51.5
89.52 66.98 51.5 to 92.96 66.98 51.5
92.96 67.30 51.5 to 89.52 67.30 51.5
89.52 67.61 51.5 to 92.96 67.61 51.5
92.96 67.92 51.5 to 89.52 67.92 51.5
89.52 64.48 51.75 to 92.96 64.48 51.75
92.96 64.79 51.75 to 89.52 64.79 51.75
89.52 65.10 51.75 to 92.96 65.10 51.75
92.96 65.42 51.75 to 89.52 65.42 51.75
89.52 65.73 51.75 to 92.96 65.73 51.75
92.96 66.04 51.75 to 89.52 66.04 51.75
89.52 66.36 51.75 to 92.96 66.36 51.75
92.96 66.67 51.75 to 89.52 66.67 51.75
89.52 66.98 51.75 to 92.96 66.98 51.75
92.96 67.30 51.75 to 89.52 67.30 51.75
89.52 67.61 51.75 to 92.96 67.61 51.75
92.96 67.92 51.75 to 89.52 67.92 51.75
89.52 64.48 52 to 92.96 64.48 52
92.96 64.79 52 to 89.52 64.79 52
89.52 65.10 52 to 92.96 65.10 52
92.96 65.42 52 to 89.52 65.42 52
89.52 65.73 52 to 92.96 65.73 52
92.96 66.04 52 to 89.52 66.04 52
89.52 66.36 52 to 92.96 66.36 52
92.96 66.67 52 to 89.52 66.67 52
89.52 66.98 52 to 92.96 66.98 52
92.96 67.30 52 to 89.52 67.30 52
89.52 67.61 52 to 92.96 67.61 52
92.96 67.92 52 to 89.52 67.92 52
89.52 68.23 52 to 92.96 68.23 52
89.52 64.48 52.25 to 92.96 64.48 52.25
92.96 64.79 52.25 to 89.52 64.79 52.25
89.52 65.10 52.25 to 92.96 65.10 52.25
92.96 65.42 52.25 to 89.52 65.42 52.25
89.52 65.73 52.25 to 92.96 65.73 52.25
92.96 66.04 52.25 to 89.52 66.04 52.25
89.52 66.36 52.25 to 92.96 66.36 52.25
92.96 66.67 52.25 to 89.52 66.67 52.25
89.52 66.98 52.25 to 92.96 66.98 52.25
92.96 67.30 52.25 to 89.52 67.30 52.25
89.52 67.61 52.25 to 92.96 67.61 52.25
92.96 67.92 52.25 to 89.52 67.92 52.25
89.52 68.23 52.25 to 92.96 68.23 52.25
89.52 64.48 52.5 to 92.96 64.48 52.5
92.96 64.79 52.5 to 89.52 64.79 52.5
89.52 65.10 52.5 to 92.96 65.10 52.5
92.96 65.42 52.5 to 89.52 65.42 52.5
89.52 65.73 52.5 to 92.96 65.73 52.5
92.96 66.04 52.5 to 89.52 66.04 52.5
89.52 66.36 52.5 to 92.96 66.36 52.5
92.96 66.67 52.5 to 89.52 66.67 52.5
89.52 66.98 52.5 to 92.96 66.98 52.5
92.96 67.30 52.5 to 89.52 67.30 52.5
89.52 67.61 52.5 to 92.96 67.61 52.5
92.96 67.92 52.5 to 89.52 67.92 52.5
89.52 68.23 52.5 to 92.96 68.23 52.5
89.52 64.48 52.75 to 92.96 64.48 52.75
92.96 64.79 52.75 to 89.52 64.79 52.75
89.52 65.10 52.75 to 92.96 65.10 52.75
92.96 65.42 52.75 to 89.52 65.42 52.75
89.52 65.73 52.75 to 92.96 65.73 52.75
92.96 66.04 52.75 to 89.52 66.04 52.75
89.52 66.36 52.75 to 92.96 66.36 52.75
92.96 66.67 52.75 to 89.52 66.67 52.75
89.52 66.98 52.75 to 92.96 66.98 52.75
92.96 67.30 52.75 to 89.52 67.30 52.75
89.52 67.61 52.75 to 92.96 67.61 52.75
92.96 67.92 52.75 to 89.52 67.92 52.75
89.52 68.23 52.75 to 92.96 68.23 52.75
92.96 64.79 53 to 89.52 64.79 53
89.52 65.10 53 to 92.96 65.10 53
92.96 65.42 53 to 89.52 65.42 53
89.52 65.73 53 to 92.96 65.73 53
92.96 66.04 53 to 89.52 66.04 53
89.52 66.36 53 to 92.96 66.36 53
92.96 66.67 53 to 89.52 66.67 53
89.52 66.98 53 to 92.96 66.98 53
92.96 67.30 53 to 89.52 67.30 53
89.52 67.61 53 to 92.96 67.61 53
92.96 67.92 53 to 89.52 67.92 53
89.52 68.23 53 to 92.96 68.23 53
92.96 64.79 53.25 to 89.52 64.79 53.25
89.52 65.10 53.25 to 92.96 65.10 53.25
92.96 65.42 53.25 to 89.52 65.42 53.25
89.52 65.73 53.25 to 92.96 65.73 53.25
92.96 66.04 53.25 to 89.52 66.04 53.25
89.52 66.36 53.25 to 92.96 66.36 53.25
92.96 66.67 53.25 to 89.52 66.67 53.25
89.52 66.98 53.25 to 92.96 66.98 53.25
92.96 67.30 53.25 to 89.52 67.30 53.25
89.52 67.61 53.25 to 92.96 67.61 53.25
92.96 67.92 53.25 to 89.52 67.92 53.25
89.52 68.23 53.25 to 92.96 68.23 53.25
92.96 64.79 53.5 to 89.52 64.79 53.5
89.52 65.10 53.5 to 92.96 65.10 53.5
92.96 65.42 53.5 to 89.52 65.42 53.5
89.52 65.73 53.5 to 92.96 65.73 53.5
92.96 66.04 53.5 to 89.52 66.04 53.5
89.52 66.36 53.5 to 92.96 66.36 53.5
92.96 66.67 53.5 to 89.52 66.67 53.5
89.52 66.98 53.5 to 92.96 66.98 53.5
92.96 67.30 53.5 to 89.52 67.30 53.5
89.52 67.61 53.5 to 92.96 67.61 53.5
92.96 67.92 53.5 to 89.52 67.92 53.5
89.52 68.23 53.5 to 92.96 68.23 53.5
92.96 64.79 53.75 to 89.52 64.79 53.75
89.52 65.10 53.75 to 92.96 65.10 53.75
92.96 65.42 53.75 to 89.52 65.42 53.75
89.52 65.73 53.75 to 92.96 65.73 53.75
92.96 66.04 53.75 to 89.52 66.04 53.75
89.52 66.36 53.75 to 92.96 66.36 53.75
92.96 66.67 53.75 to 89.52 66.67 53.75
89.52 66.98 53.75 to 92.96 66.98 53.75
92.96 67.30 53.75 to 89.52 67.30 53.75
89.52 67.61 53.75 to 92.96 67.61 53.75
92.96 67.92 53.75 to 89.52 67.92 53.75
89.52 68.23 53.75 to 92.96 68.23 53.75
92.96 64.79 54 to 89.52 64.79 54
89.52 65.10 54 to 92.96 65.10 54
92.96 65.42 54 to 89.52 65.42 54
89.52 65.73 54 to 92.96 65.73 54
92.96 66.04 54 to 89.52 66.04 54
89.52 66.36 54 to 92.96 66.36 54
92.96 66.67 54 to 89.52 66.67 54
89.52 66.98 54 to 92.96 66.98 54
92.96 67.30 54 to 89.52 67.30 54
89.52 67.61 54 to 92.96 67.61 54
92.96 67.92 54 to 89.52 67.92 54
89.52 68.23 54 to 92.96 68.23 54
92.96 64.79 54.25 to 89.52 64.79 54.25
89.52 65.10 54.25 to 92.96 65.10 54.25
92.96 65.42 54.25 to 89.52 65.42 54.25
89.52 65.73 54.25 to 92.96 65.73 54.25
92.96 66.04 54.25 to 89.52 66.04 54.25
89.52 66.36 54.25 to 92.96 66.36 54.25
92.96 66.67 54.25 to 89.52 66.67 54.25
89.52 66.98 54.25 to 92.96 66.98 54.25
92.96 67.30 54.25 to 89.52 67.30 54.25
89.52 67.61 54.25 to 92.96 67.61 54.25
92.96 67.92 54.25 to 89.52 67.92 54.25
89.52 68.23 54.25 to 92.96 68.23 54.25
92.96 64.79 54.5 to 89.52 64.79 54.5
89.52 65.10 54.5 to 92.96 65.10 54.5
92.96 65.42 54.5 to 89.52 65.42 54.5
89.52 65.73 54.5 to 92.96 65.73 54.5
92.96 66.04 54.5 to 89.52 66.04 54.5
89.52 66.36 54.5 to 92.96 66.36 54.5
92.96 66.67 54.5 to 89.52 66.67 54.5
89.52 66.98 54.5 to 92.96 66.98 54.5
92.96 67.30 54.5 to 89.52 67.30 54.5
89.52 67.61 54.5 to 92.96 67.61 54.5
92.96 67.92 54.5 to 89.52 67.92 54.5
89.52 68.23 54.5 to 92.96 68.23 54.5
92.96 64.79 54.75 to 89.52 64.79 54.75
89.52 65.10 54.75 to 92.96 65.10 54.75
92.96 65.42 54.75 to 89.52 65.42 54.75
89.52 65.73 54.75 to 92.96 65.73 54.75
92.96 66.04 54.75 to 89.52 66.04 54.75
89.52 66.36 54.75 to 92.96 66.36 54.75
92.96 66.67 54.75 to 89.52 66.67 54.75
89.52 66.98 54.75 to 92.96 66.98 54.75
92.96 67.30 54.75 to 89.52 67.30 54.75
89.52 67.61 54.75 to 92.96 67.61 54.75
92.96 67.92 54.75 to 89.52 67.92 54.75
89.52 68.23 54.75 to 92.96 68.23 54.75
89.52 65.10 55 to 92.96 65.10 55
92.96 65.42 55 to 89.52 65.42 55
89.52 65.73 55 to 92.96 65.73 55
92.96 66.04 55 to 89.52 66.04 55
89.52 66.36 55 to 92.96 66.36 55
92.96 66.67 55 to 89.52 66.67 55
89.52 66.98 55 to 92.96 66.98 55
92.96 67.30 55 to 89.52 67.30 55
89.52 67.61 55 to 92.96 67.61 55
92.96 67.92 55 to 89.52 67.92 55
89.52 68.23 55 to 92.96 68.23 55
89.52 65.10 55.25 to 92.96 65.10 55.25
92.96 65.42 55.25 to 89.52 65.42 55.25
89.52 65.73 55.25 to 92.96 65.73 55.25
92.96 66.04 55.25 to 89.52 66.04 55.25
89.52 66.36 55.25 to 92.96 66.36 55.25
92.96 66.67 55.25 to 89.52 66.67 55.25
89.52 66.98 55.25 to 92.96 66.98 55.25
92.96 67.30 55.25 to 89.52 67.30 55.25
89.52 67.61 55.25 to 92.96 67.61 55.25
92.96 67.92 55.25 to 89.52 67.92 55.25
89.52 68.23 55.25 to 92.96 68.23 55.25
89.52 65.10 55.5 to 92.96 65.10 55.5
92.96 65.42 55.5 to 89.52 65.42 55.5
89.52 65.73 55.5 to 92.96 65.73 55.5
92.96 66.04 55.5 to 89.52 66.04 55.5
89.52 66.36 55.5 to 92.96 66.36 55.5
92.96 66.67 55.5 to 89.52 66.67 55.5
89.52 66.98 55.5 to 92.96 66.98 55.5
92.96 67.30 55.5 to 89.52 67.30 55.5
89.52 67.61 55.5 to 92.96 67.61 55.5
92.96 67.92 55.5 to 89.52 67.92 55.5
89.52 68.23 55.5 to 92.96 68.23 55.5
89.52 65.10 55.75 to 92.96 65.10 55.75
92.96 65.42 55.75 to 89.52 65.42 55.75
89.52 65.73 55.75 to 92.96 65.73 55.75
92.96 66.04 55.75 to 89.52 66.04 55.75
89.52 66.36 55.75 to 92.96 66.36 55.75
92.96 66.67 55.75 to 89.52 66.67 55.75
89.52 66.98 55.75 to 92.96 66.98 55.75
92.96 67.30 55.75 to 89.52 67.30 55.75
89.52 67.61 55.75 to 92.96 67.61 55.75
92.96 67.92 55.75 to 89.52 67.92 55.75
89.52 68.23 55.75 to 92.96 68.23 55.75
89.52 65.10 56 to 92.96 65.10 56
92.96 65.42 56 to 89.52 65.42 56
89.52 65.73 56 to 92.96 65.73 56
92.96 66.04 56 to 89.52 66.04 56
89.52 66.36 56 to 92.96 66.36 56
92.96 66.67 56 to 89.52 66.67 56
89.52 66.98 56 to 92.96 66.98 56
92.96 67.30 56 to 89.52 67.30 56
89.52 67.61 56 to 92.96 67.61 56
92.96 67.92 56 to 89.52 67.92 56
89.52 68.23 56 to 92.96 68.23 56
89.52 65.10 56.25 to 92.96 65.10 56.25
92.96 65.42 56.25 to 89.52 65.42 56.25
89.52 65.73 56.25 to 92.96 65.73 56.25
92.96 66.04 56.25 to 89.52 66.04 56.25
89.52 66.36 56.25 to 92.96 66.36 56.25
92.96 66.67 56.25 to 89.52 66.67 56.25
89.52 66.98 56.25 to 92.96 66.98 56.25
92.96 67.30 56.25 to 89.52 67.30 56.25
89.52 67.61 56.25 to 92.96 67.61 56.25
92.96 67.92 56.25 to 89.52 67.92 56.25
89.52 68.23 56.25 to 92.96 68.23 56.25
89.52 65.10 56.5 to 92.96 65.10 56.5
92.96 65.42 56.5 to 89.52 65.42 56.5
89.52 65.73 56.5 to 92.96 65.73 56.5
92.96 66.04 56.5 to 89.52 66.04 56.5
89.52 66.36 56.5 to 92.96 66.36 56.5
92.96 66.67 56.5 to 89.52 66.67 56.5
89.52 66.98 56.5 to 92.96 66.98 56.5
92.96 67.30 56.5 to 89.52 67.30 56.5
89.52 67.61 56.5 to 92.96 67.61 56.5
92.96 67.92 56.5 to 89.52 67.92 56.5
89.52 68.23 56.5 to 92.96 68.23 56.5
89.52 65.10 56.75 to 92.96 65.10 56.75
92.96 65.42 56.75 to 89.52 65.42 56.75
89.52 65.73 56.75 to 92.96 65.73 56.75
92.96 66.04 56.75 to 89.52 66.04 56.75
89.52 66.36 56.75 to 92.96 66.36 56.75
92.96 66.67 56.75 to 89.52 66.67 56.75
89.52 66.98 56.75 to 92.96 66.98 56.75
92.96 67.30 56.75 to 89.52 67.30 56.75
89.52 67.61 56.75 to 92.96 67.61 56.75
92.96 67.92 56.75 to 89.52 67.92 56.75
89.52 68.23 56.75 to 92.96 68.23 56.75
92.96 65.42 57 to 89.83 65.42 57
89.83 65.73 57 to 92.96 65.73 57
92.96 66.04 57 to 89.83 66.04 57
89.83 66.36 57 to 92.96 66.36 57
92.96 66.67 57 to 89.83 66.67 57
89.83 66.98 57 to 92.96 66.98 57
92.96 67.30 57 to 89.83 67.30 57
89.83 67.61 57 to 92.96 67.61 57
92.96 67.92 57 to 89.83 67.92 57
89.83 68.23 57 to 92.96 68.23 57
92.96 68.55 57 to 89.83 68.55 57
92.96 65.42 57.25 to 89.83 65.42 57.25
89.83 65.73 57.25 to 92.96 65.73 57.25
92.96 66.04 57.25 to 89.83 66.04 57.25
89.83 66.36 57.25 to 92.96 66.36 57.25
92.96 66.67 57.25 to 89.83 66.67 57.25
89.83 66.98 57.25 to 92.96 66.98 57.25
92.96 67.30 57.25 to 89.83 67.30 57.25
89.83 67.61 57.25 to 92.96 67.61 57.25
92.96 67.92 57.25 to 89.83 67.92 57.25
89.83 68.23 57.25 to 92.96 68.23 57.25
92.96 68.55 57.25 to 89.83 68.55 57.25
92.96 65.42 57.5 to 89.83 65.42 57.5
89.83 65.73 57.5 to 92.96 65.73 57.5
92.96 66.04 57.5 to 89.83 66.04 57.5
89.83 66.36 57.5 to 92.96 66.36 57.5
92.96 66.67 57.5 to 89.83 66.67 57.5
89.83 66.98 57.5 to 92.96 66.98 57.5
92.96 67.30 57.5 to 89.83 67.30 57.5
89.83 67.61 57.5 to 92.96 67.61 57.5
92.96 67.92 57.5 to 89.83 67.92 57.5
89.83 68.23 57.5 to 92.96 68.23 57.5
92.96 68.55 57.5 to 89.83 68.55 57.5
92.96 65.42 57.75 to 89.83 65.42 57.75
89.83 65.73 57.75 to 92.96 65.73 57.75
92.96 66.04 57.75 to 89.83 66.04 57.75
89.83 66.36 57.75 to 92.96 66.36 57.75
92.96 66.67 57.75 to 89.83 66.67 57.75
89.83 66.98 57.75 to 92.96 66.98 57.75
92.96 67.30 57.75 to 89.83 67.30 57.75
89.83 67.61 57.75 to 92.96 67.61 57.75
92.96 67.92 57.75 to 89.83 67.92 57.75
89.83 68.23 57.75 to 92.96 68.23 57.75
92.96 68.55 57.75 to 89.83 68.55 57.75
