97.66 71.36 71 to 100.47 71.36 71
100.47 71.68 71 to 97.66 71.68 71
97.66 71.99 71 to 100.47 71.99 71
100.47 72.30 71 to 97.66 72.30 71
97.66 72.62 71 to 100.47 72.62 71
100.47 72.93 71 to 97.66 72.93 71
97.66 73.24 71 to 100.47 73.24 71
100.47 73.56 71 to 97.66 73.56 71
97.66 73.87 71 to 100.47 73.87 71
100.47 74.18 71 to 97.66 74.18 71
97.66 71.36 71.25 to 100.47 71.36 71.25
100.47 71.68 71.25 to 97.66 71.68 71.25
97.66 71.99 71.25 to 100.47 71.99 71.25
100.47 72.30 71.25 to 97.66 72.30 71.25
97.66 72.62 71.25 to 100.47 72.62 71.25
100.47 72.93 71.25 to 97.66 72.93 71.25
97.66 73.24 71.25 to 100.47 73.24 71.25
100.47 73.56 71.25 to 97.66 73.56 71.25
97.66 73.87 71.25 to 100.47 73.87 71.25
100.47 74.18 71.25 to 97.66 74.18 71.25
97.66 71.36 71.5 to 100.47 71.36 71.5
100.47 71.68 71.5 to 97.66 71.68 71.5
97.66 71.99 71.5 to 100.47 71.99 71.5
100.47 72.30 71.5 to 97.66 72.30 71.5
97.66 72.62 71.5 to 100.47 72.62 71.5
100.47 72.93 71.5 to 97.66 72.93 71.5
97.66 73.24 71.5 to 100.47 73.24 71.5
100.47 73.56 71.5 to 97.66 73.56 71.5
97.66 73.87 71.5 to 100.47 73.87 71.5
100.47 74.18 71.5 to 97.66 74.18 71.5
97.66 71.36 71.75 to 100.47 71.36 71.75
100.47 71.68 71.75 to 97.66 71.68 71.75
97.66 71.99 71.75 to 100.47 71.99 71.75
100.47 72.30 71.75 to 97.66 72.30 71.75
97.66 72.62 71.75 to 100.47 72.62 71.75
100.47 72.93 71.75 to 97.66 72.93 71.75
97.66 73.24 71.75 to 100.47 73.24 71.75
100.47 73.56 71.75 to 97.66 73.56 71.75
97.66 73.87 71.75 to 100.47 73.87 71.75
100.47 74.18 71.75 to 97.66 74.18 71.75
100.16 71.05 72 to 97.34 71.05 72
97.34 71.36 72 to 100.16 71.36 72
100.16 71.68 72 to 97.34 71.68 72
97.34 71.99 72 to 100.16 71.99 72
100.16 72.30 72 to 97.34 72.30 72
97.34 72.62 72 to 100.16 72.62 72
100.16 72.93 72 to 97.34 72.93 72
97.34 73.24 72 to 100.16 73.24 72
100.16 73.56 72 to 97.34 73.56 72
97.34 73.87 72 to 100.16 73.87 72
100.16 71.05 72.25 to 97.34 71.05 72.25
97.34 71.36 72.25 to 100.16 71.36 72.25
100.16 71.68 72.25 to 97.34 71.68 72.25
97.34 71.99 72.25 to 100.16 71.99 72.25
100.16 72.30 72.25 to 97.34 72.30 72.25
97.34 72.62 72.25 to 100.16 72.62 72.25
100.16 72.93 72.25 to 97.34 72.93 72.25
97.34 73.24 72.25 to 100.16 73.24 72.25
100.16 73.56 72.25 to 97.34 73.56 72.25
97.34 73.87 72.25 to 100.16 73.87 72.25
100.16 71.05 72.5 to 97.34 71.05 72.5
97.34 71.36 72.5 to 100.16 71.36 72.5
100.16 71.68 72.5 to 97.34 71.68 72.5
97.34 71.99 72.5 to 100.16 71.99 72.5
100.16 72.30 72.5 to 97.34 72.30 72.5
97.34 72.62 72.5 to 100.16 72.62 72.5
100.16 72.93 72.5 to 97.34 72.93 72.5
97.34 73.24 72.5 to 100.16 73.24 72.5
100.16 73.56 72.5 to 97.34 73.56 72.5
97.34 73.87 72.5 to 100.16 73.87 72.5
100.16 71.05 72.75 to 97.34 71.05 72.75
97.34 71.36 72.75 to 100.16 71.36 72.75
100.16 71.68 72.75 to 97.34 71.68 72.75
97.34 71.99 72.75 to 100.16 71.99 72.75
100.16 72.30 72.75 to 97.34 72.30 72.75
97.34 72.62 72.75 to 100.16 72.62 72.75
100.16 72.93 72.75 to 97.34 72.93 72.75
97.34 73.24 72.75 to 100.16 73.24 72.75
100.16 73.56 72.75 to 97.34 73.56 72.75
97.34 73.87 72.75 to 100.16 73.87 72.75
100.16 71.05 73 to 97.34 71.05 73
97.34 71.36 73 to 100.16 71.36 73
100.16 71.68 73 to 97.34 71.68 73
97.34 71.99 73 to 100.16 71.99 73
100.16 72.30 73 to 97.34 72.30 73
97.34 72.62 73 to 100.16 72.62 73
100.16 72.93 73 to 97.34 72.93 73
97.34 73.24 73 to 100.16 73.24 73
100.16 73.56 73 to 97.34 73.56 73
97.34 73.87 73 to 100.16 73.87 73
100.16 71.05 73.25 to 97.34 71.05 73.25
97.34 71.36 73.25 to 100.16 71.36 73.25
100.16 71.68 73.25 to 97.34 71.68 73.25
97.34 71.99 73.25 to 100.16 71.99 73.25
100.16 72.30 73.25 to 97.34 72.30 73.25
97.34 72.62 73.25 to 100.16 72.62 73.25
100.16 72.93 73.25 to 97.34 72.93 73.25
97.34 73.24 73.25 to 100.16 73.24 73.25
100.16 73.56 73.25 to 97.34 73.56 73.25
97.34 73.87 73.25 to 100.16 73.87 73.25
100.16 71.05 73.5 to 97.34 71.05 73.5
97.34 71.36 73.5 to 100.16 71.36 73.5
100.16 71.68 73.5 to 97.34 71.68 73.5
97.34 71.99 73.5 to 100.16 71.99 73.5
100.16 72.30 73.5 to 97.34 72.30 73.5
97.34 72.62 73.5 to 100.16 72.62 73.5
100.16 72.93 73.5 to 97.34 72.93 73.5
97.34 73.24 73.5 to 100.16 73.24 73.5
100.16 73.56 73.5 to 97.34 73.56 73.5
97.34 73.87 73.5 to 100.16 73.87 73.5
100.16 71.05 73.75 to 97.34 71.05 73.75
97.34 71.36 73.75 to 100.16 71.36 73.75
100.16 71.68 73.75 to 97.34 71.68 73.75
97.34 71.99 73.75 to 100.16 71.99 73.75
100.16 72.30 73.75 to 97.34 72.30 73.75
97.34 72.62 73.75 to 100.16 72.62 73.75
100.16 72.93 73.75 to 97.34 72.93 73.75
97.34 73.24 73.75 to 100.16 73.24 73.75
100.16 73.56 73.75 to 97.34 73.56 73.75
97.34 73.87 73.75 to 100.16 73.87 73.75
100.16 71.05 74 to 97.34 71.05 74
97.34 71.36 74 to 100.16 71.36 74
100.16 71.68 74 to 97.34 71.68 74
97.34 71.99 74 to 100.16 71.99 74
100.16 72.30 74 to 97.34 72.30 74
97.34 72.62 74 to 100.16 72.62 74
100.16 72.93 74 to 97.34 72.93 74
97.34 73.24 74 to 100.16 73.24 74
100.16 73.56 74 to 97.34 73.56 74
97.34 73.87 74 to 100.16 73.87 74
100.16 71.05 74.25 to 97.34 71.05 74.25
97.34 71.36 74.25 to 100.16 71.36 74.25
100.16 71.68 74.25 to 97.34 71.68 74.25
97.34 71.99 74.25 to 100.16 71.99 74.25
100.16 72.30 74.25 to 97.34 72.30 74.25
97.34 72.62 74.25 to 100.16 72.62 74.25
100.16 72.93 74.25 to 97.34 72.93 74.25
97.34 73.24 74.25 to 100.16 73.24 74.25
100.16 73.56 74.25 to 97.34 73.56 74.25
97.34 73.87 74.25 to 100.16 73.87 74.25
100.16 71.05 74.5 to 97.34 71.05 74.5
97.34 71.36 74.5 to 100.16 71.36 74.5
100.16 71.68 74.5 to 97.34 71.68 74.5
97.34 71.99 74.5 to 100.16 71.99 74.5
100.16 72.30 74.5 to 97.34 72.30 74.5
97.34 72.62 74.5 to 100.16 72.62 74.5
100.16 72.93 74.5 to 97.34 72.93 74.5
97.34 73.24 74.5 to 100.16 73.24 74.5
100.16 73.56 74.5 to 97.34 73.56 74.5
97.34 73.87 74.5 to 100.16 73.87 74.5
100.16 71.05 74.75 to 97.34 71.05 74.75
97.34 71.36 74.75 to 100.16 71.36 74.75
100.16 71.68 74.75 to 97.34 71.68 74.75
97.34 71.99 74.75 to 100.16 71.99 74.75
100.16 72.30 74.75 to 97.34 72.30 74.75
97.34 72.62 74.75 to 100.16 72.62 74.75
100.16 72.93 74.75 to 97.34 72.93 74.75
97.34 73.24 74.75 to 100.16 73.24 74.75
100.16 73.56 74.75 to 97.34 73.56 74.75
97.34 73.87 74.75 to 100.16 73.87 74.75
97.34 70.74 75 to 100.16 70.74 75
100.16 71.05 75 to 97.34 71.05 75
97.34 71.36 75 to 100.16 71.36 75
100.16 71.68 75 to 97.34 71.68 75
97.34 71.99 75 to 100.16 71.99 75
100.16 72.30 75 to 97.34 72.30 75
97.34 72.62 75 to 100.16 72.62 75
100.16 72.93 75 to 97.34 72.93 75
97.34 73.24 75 to 100.16 73.24 75
100.16 73.56 75 to 97.34 73.56 75
97.34 73.87 75 to 100.16 73.87 75
97.34 70.74 75.25 to 100.16 70.74 75.25
100.16 71.05 75.25 to 97.34 71.05 75.25
97.34 71.36 75.25 to 100.16 71.36 75.25
100.16 71.68 75.25 to 97.34 71.68 75.25
97.34 71.99 75.25 to 100.16 71.99 75.25
100.16 72.30 75.25 to 97.34 72.30 75.25
97.34 72.62 75.25 to 100.16 72.62 75.25
100.16 72.93 75.25 to 97.34 72.93 75.25
97.34 73.24 75.25 to 100.16 73.24 75.25
100.16 73.56 75.25 to 97.34 73.56 75.25
97.34 73.87 75.25 to 100.16 73.87 75.25
97.34 70.74 75.5 to 100.16 70.74 75.5
100.16 71.05 75.5 to 97.34 71.05 75.5
97.34 71.36 75.5 to 100.16 71.36 75.5
100.16 71.68 75.5 to 97.34 71.68 75.5
97.34 71.99 75.5 to 100.16 71.99 75.5
100.16 72.30 75.5 to 97.34 72.30 75.5
97.34 72.62 75.5 to 100.16 72.62 75.5
100.16 72.93 75.5 to 97.34 72.93 75.5
97.34 73.24 75.5 to 100.16 73.24 75.5
100.16 73.56 75.5 to 97.34 73.56 75.5
97.34 73.87 75.5 to 100.16 73.87 75.5
97.34 70.74 75.75 to 100.16 70.74 75.75
100.16 71.05 75.75 to 97.34 71.05 75.75
97.34 71.36 75.75 to 100.16 71.36 75.75
100.16 71.68 75.75 to 97.34 71.68 75.75
97.34 71.99 75.75 to 100.16 71.99 75.75
100.16 72.30 75.75 to 97.34 72.30 75.75
97.34 72.62 75.75 to 100.16 72.62 75.75
100.16 72.93 75.75 to 97.34 72.93 75.75
97.34 73.24 75.75 to 100.16 73.24 75.75
100.16 73.56 75.75 to 97.34 73.56 75.75
97.34 73.87 75.75 to 100.16 73.87 75.75
97.34 70.74 76 to 100.16 70.74 76
100.16 71.05 76 to 97.34 71.05 76
97.34 71.36 76 to 100.16 71.36 76
100.16 71.68 76 to 97.34 71.68 76
97.34 71.99 76 to 100.16 71.99 76
100.16 72.30 76 to 97.34 72.30 76
97.34 72.62 76 to 100.16 72.62 76
100.16 72.93 76 to 97.34 72.93 76
97.34 73.24 76 to 100.16 73.24 76
100.16 73.56 76 to 97.34 73.56 76
97.34 73.87 76 to 100.16 73.87 76
97.34 70.74 76.25 to 100.16 70.74 76.25
100.16 71.05 76.25 to 97.34 71.05 76.25
97.34 71.36 76.25 to 100.16 71.36 76.25
100.16 71.68 76.25 to 97.34 71.68 76.25
97.34 71.99 76.25 to 100.16 71.99 76.25
100.16 72.30 76.25 to 97.34 72.30 76.25
97.34 72.62 76.25 to 100.16 72.62 76.25
100.16 72.93 76.25 to 97.34 72.93 76.25
97.34 73.24 76.25 to 100.16 73.24 76.25
100.16 73.56 76.25 to 97.34 73.56 76.25
97.34 73.87 76.25 to 100.16 73.87 76.25
97.34 70.74 76.5 to 100.16 70.74 76.5
100.16 71.05 76.5 to 97.34 71.05 76.5
97.34 71.36 76.5 to 100.16 71.36 76.5
100.16 71.68 76.5 to 97.34 71.68 76.5
97.34 71.99 76.5 to 100.16 71.99 76.5
100.16 72.30 76.5 to 97.34 72.30 76.5
97.34 72.62 76.5 to 100.16 72.62 76.5
100.16 72.93 76.5 to 97.34 72.93 76.5
97.34 73.24 76.5 to 100.16 73.24 76.5
100.16 73.56 76.5 to 97.34 73.56 76.5
97.34 73.87 76.5 to 100.16 73.87 76.5
97.34 70.74 76.75 to 100.16 70.74 76.75
100.16 71.05 76.75 to 97.34 71.05 76.75
97.34 71.36 76.75 to 100.16 71.36 76.75
100.16 71.68 76.75 to 97.34 71.68 76.75
97.34 71.99 76.75 to 100.16 71.99 76.75
100.16 72.30 76.75 to 97.34 72.30 76.75
97.34 72.62 76.75 to 100.16 72.62 76.75
100.16 72.93 76.75 to 97.34 72.93 76.75
97.34 73.24 76.75 to 100.16 73.24 76.75
100.16 73.56 76.75 to 97.34 73.56 76.75
97.34 73.87 76.75 to 100.16 73.87 76.75
97.03 70.74 77 to 100.16 70.74 77
100.16 71.05 77 to 97.03 71.05 77
97.03 71.36 77 to 100.16 71.36 77
100.16 71.68 77 to 97.03 71.68 77
97.03 71.99 77 to 100.16 71.99 77
100.16 72.30 77 to 97.03 72.30 77
97.03 72.62 77 to 100.16 72.62 77
100.16 72.93 77 to 97.03 72.93 77
97.03 73.24 77 to 100.16 73.24 77
100.16 73.56 77 to 97.03 73.56 77
97.03 70.74 77.25 to 100.16 70.74 77.25
100.16 71.05 77.25 to 97.03 71.05 77.25
97.03 71.36 77.25 to 100.16 71.36 77.25
100.16 71.68 77.25 to 97.03 71.68 77.25
97.03 71.99 77.25 to 100.16 71.99 77.25
100.16 72.30 77.25 to 97.03 72.30 77.25
97.03 72.62 77.25 to 100.16 72.62 77.25
100.16 72.93 77.25 to 97.03 72.93 77.25
97.03 73.24 77.25 to 100.16 73.24 77.25
100.16 73.56 77.25 to 97.03 73.56 77.25
97.03 70.74 77.5 to 100.16 70.74 77.5
100.16 71.05 77.5 to 97.03 71.05 77.5
97.03 71.36 77.5 to 100.16 71.36 77.5
100.16 71.68 77.5 to 97.03 71.68 77.5
97.03 71.99 77.5 to 100.16 71.99 77.5
100.16 72.30 77.5 to 97.03 72.30 77.5
97.03 72.62 77.5 to 100.16 72.62 77.5
100.16 72.93 77.5 to 97.03 72.93 77.5
97.03 73.24 77.5 to 100.16 73.24 77.5
100.16 73.56 77.5 to 97.03 73.56 77.5
97.03 70.74 77.75 to 100.16 70.74 77.75
100.16 71.05 77.75 to 97.03 71.05 77.75
97.03 71.36 77.75 to 100.16 71.36 77.75
100.16 71.68 77.75 to 97.03 71.68 77.75
97.03 71.99 77.75 to 100.16 71.99 77.75
100.16 72.30 77.75 to 97.03 72.30 77.75
97.03 72.62 77.75 to 100.16 72.62 77.75
100.16 72.93 77.75 to 97.03 72.93 77.75
97.03 73.24 77.75 to 100.16 73.24 77.75
100.16 73.56 77.75 to 97.03 73.56 77.75
100.16 70.43 78 to 97.03 70.43 78
97.03 70.74 78 to 100.16 70.74 78
100.16 71.05 78 to 97.03 71.05 78
97.03 71.36 78 to 100.16 71.36 78
100.16 71.68 78 to 97.03 71.68 78
97.03 71.99 78 to 100.16 71.99 78
100.16 72.30 78 to 97.03 72.30 78
97.03 72.62 78 to 100.16 72.62 78
100.16 72.93 78 to 97.03 72.93 78
97.03 73.24 78 to 100.16 73.24 78
100.16 73.56 78 to 97.03 73.56 78
100.16 70.43 78.25 to 97.03 70.43 78.25
97.03 70.74 78.25 to 100.16 70.74 78.25
100.16 71.05 78.25 to 97.03 71.05 78.25
97.03 71.36 78.25 to 100.16 71.36 78.25
100.16 71.68 78.25 to 97.03 71.68 78.25
97.03 71.99 78.25 to 100.16 71.99 78.25
100.16 72.30 78.25 to 97.03 72.30 78.25
97.03 72.62 78.25 to 100.16 72.62 78.25
100.16 72.93 78.25 to 97.03 72.93 78.25
97.03 73.24 78.25 to 100.16 73.24 78.25
100.16 73.56 78.25 to 97.03 73.56 78.25
100.16 70.43 78.5 to 97.03 70.43 78.5
97.03 70.74 78.5 to 100.16 70.74 78.5
100.16 71.05 78.5 to 97.03 71.05 78.5
97.03 71.36 78.5 to 100.16 71.36 78.5
100.16 71.68 78.5 to 97.03 71.68 78.5
97.03 71.99 78.5 to 100.16 71.99 78.5
100.16 72.30 78.5 to 97.03 72.30 78.5
97.03 72.62 78.5 to 100.16 72.62 78.5
100.16 72.93 78.5 to 97.03 72.93 78.5
97.03 73.24 78.5 to 100.16 73.24 78.5
100.16 73.56 78.5 to 97.03 73.56 78.5
100.16 70.43 78.75 to 97.03 70.43 78.75
97.03 70.74 78.75 to 100.16 70.74 78.75
100.16 71.05 78.75 to 97.03 71.05 78.75
97.03 71.36 78.75 to 100.16 71.36 78.75
100.16 71.68 78.75 to 97.03 71.68 78.75
97.03 71.99 78.75 to 100.16 71.99 78.75
100.16 72.30 78.75 to 97.03 72.30 78.75
97.03 72.62 78.75 to 100.16 72.62 78.75
100.16 72.93 78.75 to 97.03 72.93 78.75
97.03 73.24 78.75 to 100.16 73.24 78.75
100.16 73.56 78.75 to 97.03 73.56 78.75
99.85 70.43 79 to 97.03 70.43 79
97.03 70.74 79 to 99.85 70.74 79
99.85 71.05 79 to 97.03 71.05 79
97.03 71.36 79 to 99.85 71.36 79
99.85 71.68 79 to 97.03 71.68 79
97.03 71.99 79 to 99.85 71.99 79
99.85 72.30 79 to 97.03 72.30 79
97.03 72.62 79 to 99.85 72.62 79
99.85 72.93 79 to 97.03 72.93 79
97.03 73.24 79 to 99.85 73.24 79
99.85 73.56 79 to 97.03 73.56 79
99.85 70.43 79.25 to 97.03 70.43 79.25
97.03 70.74 79.25 to 99.85 70.74 79.25
99.85 71.05 79.25 to 97.03 71.05 79.25
97.03 71.36 79.25 to 99.85 71.36 79.25
99.85 71.68 79.25 to 97.03 71.68 79.25
97.03 71.99 79.25 to 99.85 71.99 79.25
99.85 72.30 79.25 to 97.03 72.30 79.25
97.03 72.62 79.25 to 99.85 72.62 79.25
99.85 72.93 79.25 to 97.03 72.93 79.25
97.03 73.24 79.25 to 99.85 73.24 79.25
99.85 73.56 79.25 to 97.03 73.56 79.25
99.85 70.43 79.5 to 97.03 70.43 79.5
97.03 70.74 79.5 to 99.85 70.74 79.5
99.85 71.05 79.5 to 97.03 71.05 79.5
97.03 71.36 79.5 to 99.85 71.36 79.5
99.85 71.68 79.5 to 97.03 71.68 79.5
97.03 71.99 79.5 to 99.85 71.99 79.5
99.85 72.30 79.5 to 97.03 72.30 79.5
97.03 72.62 79.5 to 99.85 72.62 79.5
99.85 72.93 79.5 to 97.03 72.93 79.5
97.03 73.24 79.5 to 99.85 73.24 79.5
99.85 73.56 79.5 to 97.03 73.56 79.5
99.85 70.43 79.75 to 97.03 70.43 79.75
97.03 70.74 79.75 to 99.85 70.74 79.75
99.85 71.05 79.75 to 97.03 71.05 79.75
97.03 71.36 79.75 to 99.85 71.36 79.75
99.85 71.68 79.75 to 97.03 71.68 79.75
97.03 71.99 79.75 to 99.85 71.99 79.75
99.85 72.30 79.75 to 97.03 72.30 79.75
97.03 72.62 79.75 to 99.85 72.62 79.75
99.85 72.93 79.75 to 97.03 72.93 79.75
97.03 73.24 79.75 to 99.85 73.24 79.75
99.85 73.56 79.75 to 97.03 73.56 79.75
99.85 70.43 80 to 97.03 70.43 80
97.03 70.74 80 to 99.85 70.74 80
99.85 71.05 80 to 97.03 71.05 80
97.03 71.36 80 to 99.85 71.36 80
99.85 71.68 80 to 97.03 71.68 80
97.03 71.99 80 to 99.85 71.99 80
99.85 72.30 80 to 97.03 72.30 80
97.03 72.62 80 to 99.85 72.62 80
99.85 72.93 80 to 97.03 72.93 80
97.03 73.24 80 to 99.85 73.24 80
99.85 73.56 80 to 97.03 73.56 80
99.85 70.43 80.25 to 97.03 70.43 80.25
97.03 70.74 80.25 to 99.85 70.74 80.25
99.85 71.05 80.25 to 97.03 71.05 80.25
97.03 71.36 80.25 to 99.85 71.36 80.25
99.85 71.68 80.25 to 97.03 71.68 80.25
97.03 71.99 80.25 to 99.85 71.99 80.25
99.85 72.30 80.25 to 97.03 72.30 80.25
97.03 72.62 80.25 to 99.85 72.62 80.25
99.85 72.93 80.25 to 97.03 72.93 80.25
97.03 73.24 80.25 to 99.85 73.24 80.25
99.85 73.56 80.25 to 97.03 73.56 80.25
99.85 70.43 80.5 to 97.03 70.43 80.5
97.03 70.74 80.5 to 99.85 70.74 80.5
99.85 71.05 80.5 to 97.03 71.05 80.5
97.03 71.36 80.5 to 99.85 71.36 80.5
99.85 71.68 80.5 to 97.03 71.68 80.5
97.03 71.99 80.5 to 99.85 71.99 80.5
99.85 72.30 80.5 to 97.03 72.30 80.5
97.03 72.62 80.5 to 99.85 72.62 80.5
99.85 72.93 80.5 to 97.03 72.93 80.5
97.03 73.24 80.5 to 99.85 73.24 80.5
99.85 73.56 80.5 to 97.03 73.56 80.5
99.85 70.43 80.75 to 97.03 70.43 80.75
97.03 70.74 80.75 to 99.85 70.74 80.75
99.85 71.05 80.75 to 97.03 71.05 80.75
97.03 71.36 80.75 to 99.85 71.36 80.75
99.85 71.68 80.75 to 97.03 71.68 80.75
97.03 71.99 80.75 to 99.85 71.99 80.75
99.85 72.30 80.75 to 97.03 72.30 80.75
97.03 72.62 80.75 to 99.85 72.62 80.75
99.85 72.93 80.75 to 97.03 72.93 80.75
97.03 73.24 80.75 to 99.85 73.24 80.75
99.85 73.56 80.75 to 97.03 73.56 80.75
97.03 70.11 81 to 99.85 70.11 81
99.85 70.43 81 to 97.03 70.43 81
97.03 70.74 81 to 99.85 70.74 81
99.85 71.05 81 to 97.03 71.05 81
97.03 71.36 81 to 99.85 71.36 81
99.85 71.68 81 to 97.03 71.68 81
97.03 71.99 81 to 99.85 71.99 81
99.85 72.30 81 to 97.03 72.30 81
97.03 72.62 81 to 99.85 72.62 81
99.85 72.93 81 to 97.03 72.93 81
97.03 73.24 81 to 99.85 73.24 81
99.85 73.56 81 to 97.03 73.56 81
97.03 70.11 81.25 to 99.85 70.11 81.25
99.85 70.43 81.25 to 97.03 70.43 81.25
97.03 70.74 81.25 to 99.85 70.74 81.25
99.85 71.05 81.25 to 97.03 71.05 81.25
97.03 71.36 81.25 to 99.85 71.36 81.25
99.85 71.68 81.25 to 97.03 71.68 81.25
97.03 71.99 81.25 to 99.85 71.99 81.25
99.85 72.30 81.25 to 97.03 72.30 81.25
97.03 72.62 81.25 to 99.85 72.62 81.25
99.85 72.93 81.25 to 97.03 72.93 81.25
97.03 73.24 81.25 to 99.85 73.24 81.25
99.85 73.56 81.25 to 97.03 73.56 81.25
97.03 70.11 81.5 to 99.85 70.11 81.5
99.85 70.43 81.5 to 97.03 70.43 81.5
97.03 70.74 81.5 to 99.85 70.74 81.5
99.85 71.05 81.5 to 97.03 71.05 81.5
97.03 71.36 81.5 to 99.85 71.36 81.5
99.85 71.68 81.5 to 97.03 71.68 81.5
97.03 71.99 81.5 to 99.85 71.99 81.5
99.85 72.30 81.5 to 97.03 72.30 81.5
97.03 72.62 81.5 to 99.85 72.62 81.5
99.85 72.93 81.5 to 97.03 72.93 81.5
97.03 73.24 81.5 to 99.85 73.24 81.5
99.85 73.56 81.5 to 97.03 73.56 81.5
97.03 70.11 81.75 to 99.85 70.11 81.75
99.85 70.43 81.75 to 97.03 70.43 81.75
97.03 70.74 81.75 to 99.85 70.74 81.75
99.85 71.05 81.75 to 97.03 71.05 81.75
97.03 71.36 81.75 to 99.85 71.36 81.75
99.85 71.68 81.75 to 97.03 71.68 81.75
97.03 71.99 81.75 to 99.85 71.99 81.75
99.85 72.30 81.75 to 97.03 72.30 81.75
97.03 72.62 81.75 to 99.85 72.62 81.75
99.85 72.93 81.75 to 97.03 72.93 81.75
97.03 73.24 81.75 to 99.85 73.24 81.75
99.85 73.56 81.75 to 97.03 73.56 81.75
96.72 70.11 82 to 99.85 70.11 82
99.85 70.43 82 to 96.72 70.43 82
96.72 70.74 82 to 99.85 70.74 82
99.85 71.05 82 to 96.72 71.05 82
96.72 71.36 82 to 99.85 71.36 82
99.85 71.68 82 to 96.72 71.68 82
96.72 71.99 82 to 99.85 71.99 82
99.85 72.30 82 to 96.72 72.30 82
96.72 72.62 82 to 99.85 72.62 82
99.85 72.93 82 to 96.72 72.93 82
96.72 73.24 82 to 99.85 73.24 82
96.72 70.11 82.25 to 99.85 70.11 82.25
99.85 70.43 82.25 to 96.72 70.43 82.25
96.72 70.74 82.25 to 99.85 70.74 82.25
99.85 71.05 82.25 to 96.72 71.05 82.25
96.72 71.36 82.25 to 99.85 71.36 82.25
99.85 71.68 82.25 to 96.72 71.68 82.25
96.72 71.99 82.25 to 99.85 71.99 82.25
99.85 72.30 82.25 to 96.72 72.30 82.25
96.72 72.62 82.25 to 99.85 72.62 82.25
99.85 72.93 82.25 to 96.72 72.93 82.25
96.72 73.24 82.25 to 99.85 73.24 82.25
96.72 70.11 82.5 to 99.85 70.11 82.5
99.85 70.43 82.5 to 96.72 70.43 82.5
96.72 70.74 82.5 to 99.85 70.74 82.5
99.85 71.05 82.5 to 96.72 71.05 82.5
96.72 71.36 82.5 to 99.85 71.36 82.5
99.85 71.68 82.5 to 96.72 71.68 82.5
96.72 71.99 82.5 to 99.85 71.99 82.5
99.85 72.30 82.5 to 96.72 72.30 82.5
96.72 72.62 82.5 to 99.85 72.62 82.5
99.85 72.93 82.5 to 96.72 72.93 82.5
96.72 73.24 82.5 to 99.85 73.24 82.5
96.72 70.11 82.75 to 99.85 70.11 82.75
99.85 70.43 82.75 to 96.72 70.43 82.75
96.72 70.74 82.75 to 99.85 70.74 82.75
99.85 71.05 82.75 to 96.72 71.05 82.75
96.72 71.36 82.75 to 99.85 71.36 82.75
99.85 71.68 82.75 to 96.72 71.68 82.75
96.72 71.99 82.75 to 99.85 71.99 82.75
99.85 72.30 82.75 to 96.72 72.30 82.75
96.72 72.62 82.75 to 99.85 72.62 82.75
99.85 72.93 82.75 to 96.72 72.93 82.75
96.72 73.24 82.75 to 99.85 73.24 82.75
96.72 70.11 83 to 99.85 70.11 83
99.85 70.43 83 to 96.72 70.43 83
96.72 70.74 83 to 99.85 70.74 83
99.85 71.05 83 to 96.72 71.05 83
96.72 71.36 83 to 99.85 71.36 83
99.85 71.68 83 to 96.72 71.68 83
96.72 71.99 83 to 99.85 71.99 83
99.85 72.30 83 to 96.72 72.30 83
96.72 72.62 83 to 99.85 72.62 83
99.85 72.93 83 to 96.72 72.93 83
96.72 73.24 83 to 99.85 73.24 83
96.72 70.11 83.25 to 99.85 70.11 83.25
99.85 70.43 83.25 to 96.72 70.43 83.25
96.72 70.74 83.25 to 99.85 70.74 83.25
99.85 71.05 83.25 to 96.72 71.05 83.25
96.72 71.36 83.25 to 99.85 71.36 83.25
99.85 71.68 83.25 to 96.72 71.68 83.25
96.72 71.99 83.25 to 99.85 71.99 83.25
99.85 72.30 83.25 to 96.72 72.30 83.25
96.72 72.62 83.25 to 99.85 72.62 83.25
99.85 72.93 83.25 to 96.72 72.93 83.25
96.72 73.24 83.25 to 99.85 73.24 83.25
96.72 70.11 83.5 to 99.85 70.11 83.5
99.85 70.43 83.5 to 96.72 70.43 83.5
96.72 70.74 83.5 to 99.85 70.74 83.5
99.85 71.05 83.5 to 96.72 71.05 83.5
96.72 71.36 83.5 to 99.85 71.36 83.5
99.85 71.68 83.5 to 96.72 71.68 83.5
96.72 71.99 83.5 to 99.85 71.99 83.5
99.85 72.30 83.5 to 96.72 72.30 83.5
96.72 72.62 83.5 to 99.85 72.62 83.5
99.85 72.93 83.5 to 96.72 72.93 83.5
96.72 73.24 83.5 to 99.85 73.24 83.5
96.72 70.11 83.75 to 99.85 70.11 83.75
99.85 70.43 83.75 to 96.72 70.43 83.75
96.72 70.74 83.75 to 99.85 70.74 83.75
99.85 71.05 83.75 to 96.72 71.05 83.75
96.72 71.36 83.75 to 99.85 71.36 83.75
99.85 71.68 83.75 to 96.72 71.68 83.75
96.72 71.99 83.75 to 99.85 71.99 83.75
99.85 72.30 83.75 to 96.72 72.30 83.75
96.72 72.62 83.75 to 99.85 72.62 83.75
99.85 72.93 83.75 to 96.72 72.93 83.75
96.72 73.24 83.75 to 99.85 73.24 83.75
99.85 69.80 84 to 96.72 69.80 84
96.72 70.11 84 to 99.85 70.11 84
99.85 70.43 84 to 96.72 70.43 84
96.72 70.74 84 to 99.85 70.74 84
99.85 71.05 84 to 96.72 71.05 84
96.72 71.36 84 to 99.85 71.36 84
99.85 71.68 84 to 96.72 71.68 84
96.72 71.99 84 to 99.85 71.99 84
99.85 72.30 84 to 96.72 72.30 84
96.72 72.62 84 to 99.85 72.62 84
99.85 72.93 84 to 96.72 72.93 84
96.72 73.24 84 to 99.85 73.24 84
99.85 69.80 84.25 to 96.72 69.80 84.25
96.72 70.11 84.25 to 99.85 70.11 84.25
99.85 70.43 84.25 to 96.72 70.43 84.25
96.72 70.74 84.25 to 99.85 70.74 84.25
99.85 71.05 84.25 to 96.72 71.05 84.25
96.72 71.36 84.25 to 99.85 71.36 84.25
99.85 71.68 84.25 to 96.72 71.68 84.25
96.72 71.99 84.25 to 99.85 71.99 84.25
99.85 72.30 84.25 to 96.72 72.30 84.25
96.72 72.62 84.25 to 99.85 72.62 84.25
99.85 72.93 84.25 to 96.72 72.93 84.25
96.72 73.24 84.25 to 99.85 73.24 84.25
99.85 69.80 84.5 to 96.72 69.80 84.5
96.72 70.11 84.5 to 99.85 70.11 84.5
99.85 70.43 84.5 to 96.72 70.43 84.5
96.72 70.74 84.5 to 99.85 70.74 84.5
99.85 71.05 84.5 to 96.72 71.05 84.5
96.72 71.36 84.5 to 99.85 71.36 84.5
99.85 71.68 84.5 to 96.72 71.68 84.5
96.72 71.99 84.5 to 99.85 71.99 84.5
99.85 72.30 84.5 to 96.72 72.30 84.5
96.72 72.62 84.5 to 99.85 72.62 84.5
99.85 72.93 84.5 to 96.72 72.93 84.5
96.72 73.24 84.5 to 99.85 73.24 84.5
99.85 69.80 84.75 to 96.72 69.80 84.75
96.72 70.11 84.75 to 99.85 70.11 84.75
99.85 70.43 84.75 to 96.72 70.43 84.75
96.72 70.74 84.75 to 99.85 70.74 84.75
99.85 71.05 84.75 to 96.72 71.05 84.75
96.72 71.36 84.75 to 99.85 71.36 84.75
99.85 71.68 84.75 to 96.72 71.68 84.75
96.72 71.99 84.75 to 99.85 71.99 84.75
99.85 72.30 84.75 to 96.72 72.30 84.75
96.72 72.62 84.75 to 99.85 72.62 84.75
99.85 72.93 84.75 to 96.72 72.93 84.75
96.72 73.24 84.75 to 99.85 73.24 84.75
99.85 69.80 85 to 96.72 69.80 85
96.72 70.11 85 to 99.85 70.11 85
99.85 70.43 85 to 96.72 70.43 85
96.72 70.74 85 to 99.85 70.74 85
99.85 71.05 85 to 96.72 71.05 85
96.72 71.36 85 to 99.85 71.36 85
99.85 71.68 85 to 96.72 71.68 85
96.72 71.99 85 to 99.85 71.99 85
99.85 72.30 85 to 96.72 72.30 85
96.72 72.62 85 to 99.85 72.62 85
99.85 72.93 85 to 96.72 72.93 85
96.72 73.24 85 to 99.85 73.24 85
99.85 69.80 85.25 to 96.72 69.80 85.25
96.72 70.11 85.25 to 99.85 70.11 85.25
99.85 70.43 85.25 to 96.72 70.43 85.25
96.72 70.74 85.25 to 99.85 70.74 85.25
99.85 71.05 85.25 to 96.72 71.05 85.25
96.72 71.36 85.25 to 99.85 71.36 85.25
99.85 71.68 85.25 to 96.72 71.68 85.25
96.72 71.99 85.25 to 99.85 71.99 85.25
99.85 72.30 85.25 to 96.72 72.30 85.25
96.72 72.62 85.25 to 99.85 72.62 85.25
99.85 72.93 85.25 to 96.72 72.93 85.25
96.72 73.24 85.25 to 99.85 73.24 85.25
99.85 69.80 85.5 to 96.72 69.80 85.5
96.72 70.11 85.5 to 99.85 70.11 85.5
99.85 70.43 85.5 to 96.72 70.43 85.5
96.72 70.74 85.5 to 99.85 70.74 85.5
99.85 71.05 85.5 to 96.72 71.05 85.5
96.72 71.36 85.5 to 99.85 71.36 85.5
99.85 71.68 85.5 to 96.72 71.68 85.5
96.72 71.99 85.5 to 99.85 71.99 85.5
99.85 72.30 85.5 to 96.72 72.30 85.5
96.72 72.62 85.5 to 99.85 72.62 85.5
99.85 72.93 85.5 to 96.72 72.93 85.5
96.72 73.24 85.5 to 99.85 73.24 85.5
99.85 69.80 85.75 to 96.72 69.80 85.75
96.72 70.11 85.75 to 99.85 70.11 85.75
99.85 70.43 85.75 to 96.72 70.43 85.75
96.72 70.74 85.75 to 99.85 70.74 85.75
99.85 71.05 85.75 to 96.72 71.05 85.75
96.72 71.36 85.75 to 99.85 71.36 85.75
99.85 71.68 85.75 to 96.72 71.68 85.75
96.72 71.99 85.75 to 99.85 71.99 85.75
99.85 72.30 85.75 to 96.72 72.30 85.75
96.72 72.62 85.75 to 99.85 72.62 85.75
99.85 72.93 85.75 to 96.72 72.93 85.75
96.72 73.24 85.75 to 99.85 73.24 85.75
99.85 69.80 86 to 96.72 69.80 86
96.72 70.11 86 to 99.85 70.11 86
99.85 70.43 86 to 96.72 70.43 86
96.72 70.74 86 to 99.85 70.74 86
99.85 71.05 86 to 96.72 71.05 86
96.72 71.36 86 to 99.85 71.36 86
99.85 71.68 86 to 96.72 71.68 86
96.72 71.99 86 to 99.85 71.99 86
99.85 72.30 86 to 96.72 72.30 86
96.72 72.62 86 to 99.85 72.62 86
99.85 72.93 86 to 96.72 72.93 86
96.72 73.24 86 to 99.85 73.24 86
99.85 69.80 86.25 to 96.72 69.80 86.25
96.72 70.11 86.25 to 99.85 70.11 86.25
99.85 70.43 86.25 to 96.72 70.43 86.25
96.72 70.74 86.25 to 99.85 70.74 86.25
99.85 71.05 86.25 to 96.72 71.05 86.25
96.72 71.36 86.25 to 99.85 71.36 86.25
99.85 71.68 86.25 to 96.72 71.68 86.25
96.72 71.99 86.25 to 99.85 71.99 86.25
99.85 72.30 86.25 to 96.72 72.30 86.25
96.72 72.62 86.25 to 99.85 72.62 86.25
99.85 72.93 86.25 to 96.72 72.93 86.25
96.72 73.24 86.25 to 99.85 73.24 86.25
99.85 69.80 86.5 to 96.72 69.80 86.5
96.72 70.11 86.5 to 99.85 70.11 86.5
99.85 70.43 86.5 to 96.72 70.43 86.5
96.72 70.74 86.5 to 99.85 70.74 86.5
99.85 71.05 86.5 to 96.72 71.05 86.5
96.72 71.36 86.5 to 99.85 71.36 86.5
99.85 71.68 86.5 to 96.72 71.68 86.5
96.72 71.99 86.5 to 99.85 71.99 86.5
99.85 72.30 86.5 to 96.72 72.30 86.5
96.72 72.62 86.5 to 99.85 72.62 86.5
99.85 72.93 86.5 to 96.72 72.93 86.5
96.72 73.24 86.5 to 99.85 73.24 86.5
99.85 69.80 86.75 to 96.72 69.80 86.75
96.72 70.11 86.75 to 99.85 70.11 86.75
99.85 70.43 86.75 to 96.72 70.43 86.75
96.72 70.74 86.75 to 99.85 70.74 86.75
99.85 71.05 86.75 to 96.72 71.05 86.75
96.72 71.36 86.75 to 99.85 71.36 86.75
99.85 71.68 86.75 to 96.72 71.68 86.75
96.72 71.99 86.75 to 99.85 71.99 86.75
99.85 72.30 86.75 to 96.72 72.30 86.75
96.72 72.62 86.75 to 99.85 72.62 86.75
99.85 72.93 86.75 to 96.72 72.93 86.75
96.72 73.24 86.75 to 99.85 73.24 86.75
