95.47 60.72 72 to 99.53 60.72 72
99.53 61.04 72 to 95.47 61.04 72
95.47 61.35 72 to 99.53 61.35 72
99.53 61.66 72 to 95.47 61.66 72
95.47 61.97 72 to 99.53 61.97 72
99.53 62.29 72 to 95.47 62.29 72
95.47 62.60 72 to 99.53 62.60 72
99.53 62.91 72 to 95.47 62.91 72
95.47 63.23 72 to 99.53 63.23 72
99.53 63.54 72 to 95.47 63.54 72
95.47 63.85 72 to 99.53 63.85 72
99.53 64.17 72 to 95.47 64.17 72
95.47 64.48 72 to 99.53 64.48 72
99.53 64.79 72 to 95.47 64.79 72
95.47 65.10 72 to 99.53 65.10 72
99.53 65.42 72 to 95.47 65.42 72
95.47 65.73 72 to 99.53 65.73 72
99.53 66.04 72 to 95.47 66.04 72
95.47 66.36 72 to 99.53 66.36 72
99.53 66.67 72 to 95.47 66.67 72
95.47 66.98 72 to 99.53 66.98 72
99.53 67.30 72 to 95.47 67.30 72
95.47 67.61 72 to 99.53 67.61 72
99.53 67.92 72 to 95.47 67.92 72
95.47 68.23 72 to 99.53 68.23 72
99.53 68.55 72 to 95.47 68.55 72
95.47 68.86 72 to 99.53 68.86 72
99.53 69.17 72 to 95.47 69.17 72
95.47 69.49 72 to 99.53 69.49 72
99.53 69.80 72 to 95.47 69.80 72
95.47 70.11 72 to 99.53 70.11 72
99.53 70.43 72 to 95.47 70.43 72
95.47 70.74 72 to 99.53 70.74 72
99.53 71.05 72 to 95.47 71.05 72
95.47 71.36 72 to 99.53 71.36 72
99.53 71.68 72 to 95.47 71.68 72
95.47 60.72 72.25 to 99.53 60.72 72.25
99.53 61.04 72.25 to 95.47 61.04 72.25
95.47 61.35 72.25 to 99.53 61.35 72.25
99.53 61.66 72.25 to 95.47 61.66 72.25
95.47 61.97 72.25 to 99.53 61.97 72.25
99.53 62.29 72.25 to 95.47 62.29 72.25
95.47 62.60 72.25 to 99.53 62.60 72.25
99.53 62.91 72.25 to 95.47 62.91 72.25
95.47 63.23 72.25 to 99.53 63.23 72.25
99.53 63.54 72.25 to 95.47 63.54 72.25
95.47 63.85 72.25 to 99.53 63.85 72.25
99.53 64.17 72.25 to 95.47 64.17 72.25
95.47 64.48 72.25 to 99.53 64.48 72.25
99.53 64.79 72.25 to 95.47 64.79 72.25
95.47 65.10 72.25 to 99.53 65.10 72.25
99.53 65.42 72.25 to 95.47 65.42 72.25
95.47 65.73 72.25 to 99.53 65.73 72.25
99.53 66.04 72.25 to 95.47 66.04 72.25
95.47 66.36 72.25 to 99.53 66.36 72.25
99.53 66.67 72.25 to 95.47 66.67 72.25
95.47 66.98 72.25 to 99.53 66.98 72.25
99.53 67.30 72.25 to 95.47 67.30 72.25
95.47 67.61 72.25 to 99.53 67.61 72.25
99.53 67.92 72.25 to 95.47 67.92 72.25
95.47 68.23 72.25 to 99.53 68.23 72.25
99.53 68.55 72.25 to 95.47 68.55 72.25
95.47 68.86 72.25 to 99.53 68.86 72.25
99.53 69.17 72.25 to 95.47 69.17 72.25
95.47 69.49 72.25 to 99.53 69.49 72.25
99.53 69.80 72.25 to 95.47 69.80 72.25
95.47 70.11 72.25 to 99.53 70.11 72.25
99.53 70.43 72.25 to 95.47 70.43 72.25
95.47 70.74 72.25 to 99.53 70.74 72.25
99.53 71.05 72.25 to 95.47 71.05 72.25
95.47 71.36 72.25 to 99.53 71.36 72.25
99.53 71.68 72.25 to 95.47 71.68 72.25
95.47 60.72 72.5 to 99.53 60.72 72.5
99.53 61.04 72.5 to 95.47 61.04 72.5
95.47 61.35 72.5 to 99.53 61.35 72.5
99.53 61.66 72.5 to 95.47 61.66 72.5
95.47 61.97 72.5 to 99.53 61.97 72.5
99.53 62.29 72.5 to 95.47 62.29 72.5
95.47 62.60 72.5 to 99.53 62.60 72.5
99.53 62.91 72.5 to 95.47 62.91 72.5
95.47 63.23 72.5 to 99.53 63.23 72.5
99.53 63.54 72.5 to 95.47 63.54 72.5
95.47 63.85 72.5 to 99.53 63.85 72.5
99.53 64.17 72.5 to 95.47 64.17 72.5
95.47 64.48 72.5 to 99.53 64.48 72.5
99.53 64.79 72.5 to 95.47 64.79 72.5
95.47 65.10 72.5 to 99.53 65.10 72.5
99.53 65.42 72.5 to 95.47 65.42 72.5
95.47 65.73 72.5 to 99.53 65.73 72.5
99.53 66.04 72.5 to 95.47 66.04 72.5
95.47 66.36 72.5 to 99.53 66.36 72.5
99.53 66.67 72.5 to 95.47 66.67 72.5
95.47 66.98 72.5 to 99.53 66.98 72.5
99.53 67.30 72.5 to 95.47 67.30 72.5
95.47 67.61 72.5 to 99.53 67.61 72.5
99.53 67.92 72.5 to 95.47 67.92 72.5
95.47 68.23 72.5 to 99.53 68.23 72.5
99.53 68.55 72.5 to 95.47 68.55 72.5
95.47 68.86 72.5 to 99.53 68.86 72.5
99.53 69.17 72.5 to 95.47 69.17 72.5
95.47 69.49 72.5 to 99.53 69.49 72.5
99.53 69.80 72.5 to 95.47 69.80 72.5
95.47 70.11 72.5 to 99.53 70.11 72.5
99.53 70.43 72.5 to 95.47 70.43 72.5
95.47 70.74 72.5 to 99.53 70.74 72.5
99.53 71.05 72.5 to 95.47 71.05 72.5
95.47 71.36 72.5 to 99.53 71.36 72.5
99.53 71.68 72.5 to 95.47 71.68 72.5
95.47 60.72 72.75 to 99.53 60.72 72.75
99.53 61.04 72.75 to 95.47 61.04 72.75
95.47 61.35 72.75 to 99.53 61.35 72.75
99.53 61.66 72.75 to 95.47 61.66 72.75
95.47 61.97 72.75 to 99.53 61.97 72.75
99.53 62.29 72.75 to 95.47 62.29 72.75
95.47 62.60 72.75 to 99.53 62.60 72.75
99.53 62.91 72.75 to 95.47 62.91 72.75
95.47 63.23 72.75 to 99.53 63.23 72.75
99.53 63.54 72.75 to 95.47 63.54 72.75
95.47 63.85 72.75 to 99.53 63.85 72.75
99.53 64.17 72.75 to 95.47 64.17 72.75
95.47 64.48 72.75 to 99.53 64.48 72.75
99.53 64.79 72.75 to 95.47 64.79 72.75
95.47 65.10 72.75 to 99.53 65.10 72.75
99.53 65.42 72.75 to 95.47 65.42 72.75
95.47 65.73 72.75 to 99.53 65.73 72.75
99.53 66.04 72.75 to 95.47 66.04 72.75
95.47 66.36 72.75 to 99.53 66.36 72.75
99.53 66.67 72.75 to 95.47 66.67 72.75
95.47 66.98 72.75 to 99.53 66.98 72.75
99.53 67.30 72.75 to 95.47 67.30 72.75
95.47 67.61 72.75 to 99.53 67.61 72.75
99.53 67.92 72.75 to 95.47 67.92 72.75
95.47 68.23 72.75 to 99.53 68.23 72.75
99.53 68.55 72.75 to 95.47 68.55 72.75
95.47 68.86 72.75 to 99.53 68.86 72.75
99.53 69.17 72.75 to 95.47 69.17 72.75
95.47 69.49 72.75 to 99.53 69.49 72.75
99.53 69.80 72.75 to 95.47 69.80 72.75
95.47 70.11 72.75 to 99.53 70.11 72.75
99.53 70.43 72.75 to 95.47 70.43 72.75
95.47 70.74 72.75 to 99.53 70.74 72.75
99.53 71.05 72.75 to 95.47 71.05 72.75
95.47 71.36 72.75 to 99.53 71.36 72.75
99.53 71.68 72.75 to 95.47 71.68 72.75
95.47 60.72 73 to 99.53 60.72 73
99.53 61.04 73 to 95.47 61.04 73
95.47 61.35 73 to 99.53 61.35 73
99.53 61.66 73 to 95.47 61.66 73
95.47 61.97 73 to 99.53 61.97 73
99.53 62.29 73 to 95.47 62.29 73
95.47 62.60 73 to 99.53 62.60 73
99.53 62.91 73 to 95.47 62.91 73
95.47 63.23 73 to 99.53 63.23 73
99.53 63.54 73 to 95.47 63.54 73
95.47 63.85 73 to 99.53 63.85 73
99.53 64.17 73 to 95.47 64.17 73
95.47 64.48 73 to 99.53 64.48 73
99.53 64.79 73 to 95.47 64.79 73
95.47 65.10 73 to 99.53 65.10 73
99.53 65.42 73 to 95.47 65.42 73
95.47 65.73 73 to 99.53 65.73 73
99.53 66.04 73 to 95.47 66.04 73
95.47 66.36 73 to 99.53 66.36 73
99.53 66.67 73 to 95.47 66.67 73
95.47 66.98 73 to 99.53 66.98 73
99.53 67.30 73 to 95.47 67.30 73
95.47 67.61 73 to 99.53 67.61 73
99.53 67.92 73 to 95.47 67.92 73
95.47 68.23 73 to 99.53 68.23 73
99.53 68.55 73 to 95.47 68.55 73
95.47 68.86 73 to 99.53 68.86 73
99.53 69.17 73 to 95.47 69.17 73
95.47 69.49 73 to 99.53 69.49 73
99.53 69.80 73 to 95.47 69.80 73
95.47 70.11 73 to 99.53 70.11 73
99.53 70.43 73 to 95.47 70.43 73
95.47 70.74 73 to 99.53 70.74 73
99.53 71.05 73 to 95.47 71.05 73
95.47 71.36 73 to 99.53 71.36 73
95.47 60.72 73.25 to 99.53 60.72 73.25
99.53 61.04 73.25 to 95.47 61.04 73.25
95.47 61.35 73.25 to 99.53 61.35 73.25
99.53 61.66 73.25 to 95.47 61.66 73.25
95.47 61.97 73.25 to 99.53 61.97 73.25
99.53 62.29 73.25 to 95.47 62.29 73.25
95.47 62.60 73.25 to 99.53 62.60 73.25
99.53 62.91 73.25 to 95.47 62.91 73.25
95.47 63.23 73.25 to 99.53 63.23 73.25
99.53 63.54 73.25 to 95.47 63.54 73.25
95.47 63.85 73.25 to 99.53 63.85 73.25
99.53 64.17 73.25 to 95.47 64.17 73.25
95.47 64.48 73.25 to 99.53 64.48 73.25
99.53 64.79 73.25 to 95.47 64.79 73.25
95.47 65.10 73.25 to 99.53 65.10 73.25
99.53 65.42 73.25 to 95.47 65.42 73.25
95.47 65.73 73.25 to 99.53 65.73 73.25
99.53 66.04 73.25 to 95.47 66.04 73.25
95.47 66.36 73.25 to 99.53 66.36 73.25
99.53 66.67 73.25 to 95.47 66.67 73.25
95.47 66.98 73.25 to 99.53 66.98 73.25
99.53 67.30 73.25 to 95.47 67.30 73.25
95.47 67.61 73.25 to 99.53 67.61 73.25
99.53 67.92 73.25 to 95.47 67.92 73.25
95.47 68.23 73.25 to 99.53 68.23 73.25
99.53 68.55 73.25 to 95.47 68.55 73.25
95.47 68.86 73.25 to 99.53 68.86 73.25
99.53 69.17 73.25 to 95.47 69.17 73.25
95.47 69.49 73.25 to 99.53 69.49 73.25
99.53 69.80 73.25 to 95.47 69.80 73.25
95.47 70.11 73.25 to 99.53 70.11 73.25
99.53 70.43 73.25 to 95.47 70.43 73.25
95.47 70.74 73.25 to 99.53 70.74 73.25
99.53 71.05 73.25 to 95.47 71.05 73.25
95.47 71.36 73.25 to 99.53 71.36 73.25
95.47 60.72 73.5 to 99.53 60.72 73.5
99.53 61.04 73.5 to 95.47 61.04 73.5
95.47 61.35 73.5 to 99.53 61.35 73.5
99.53 61.66 73.5 to 95.47 61.66 73.5
95.47 61.97 73.5 to 99.53 61.97 73.5
99.53 62.29 73.5 to 95.47 62.29 73.5
95.47 62.60 73.5 to 99.53 62.60 73.5
99.53 62.91 73.5 to 95.47 62.91 73.5
95.47 63.23 73.5 to 99.53 63.23 73.5
99.53 63.54 73.5 to 95.47 63.54 73.5
95.47 63.85 73.5 to 99.53 63.85 73.5
99.53 64.17 73.5 to 95.47 64.17 73.5
95.47 64.48 73.5 to 99.53 64.48 73.5
99.53 64.79 73.5 to 95.47 64.79 73.5
95.47 65.10 73.5 to 99.53 65.10 73.5
99.53 65.42 73.5 to 95.47 65.42 73.5
95.47 65.73 73.5 to 99.53 65.73 73.5
99.53 66.04 73.5 to 95.47 66.04 73.5
95.47 66.36 73.5 to 99.53 66.36 73.5
99.53 66.67 73.5 to 95.47 66.67 73.5
95.47 66.98 73.5 to 99.53 66.98 73.5
99.53 67.30 73.5 to 95.47 67.30 73.5
95.47 67.61 73.5 to 99.53 67.61 73.5
99.53 67.92 73.5 to 95.47 67.92 73.5
95.47 68.23 73.5 to 99.53 68.23 73.5
99.53 68.55 73.5 to 95.47 68.55 73.5
95.47 68.86 73.5 to 99.53 68.86 73.5
99.53 69.17 73.5 to 95.47 69.17 73.5
95.47 69.49 73.5 to 99.53 69.49 73.5
99.53 69.80 73.5 to 95.47 69.80 73.5
95.47 70.11 73.5 to 99.53 70.11 73.5
99.53 70.43 73.5 to 95.47 70.43 73.5
95.47 70.74 73.5 to 99.53 70.74 73.5
99.53 71.05 73.5 to 95.47 71.05 73.5
95.47 71.36 73.5 to 99.53 71.36 73.5
95.47 60.72 73.75 to 99.53 60.72 73.75
99.53 61.04 73.75 to 95.47 61.04 73.75
95.47 61.35 73.75 to 99.53 61.35 73.75
99.53 61.66 73.75 to 95.47 61.66 73.75
95.47 61.97 73.75 to 99.53 61.97 73.75
99.53 62.29 73.75 to 95.47 62.29 73.75
95.47 62.60 73.75 to 99.53 62.60 73.75
99.53 62.91 73.75 to 95.47 62.91 73.75
95.47 63.23 73.75 to 99.53 63.23 73.75
99.53 63.54 73.75 to 95.47 63.54 73.75
95.47 63.85 73.75 to 99.53 63.85 73.75
99.53 64.17 73.75 to 95.47 64.17 73.75
95.47 64.48 73.75 to 99.53 64.48 73.75
99.53 64.79 73.75 to 95.47 64.79 73.75
95.47 65.10 73.75 to 99.53 65.10 73.75
99.53 65.42 73.75 to 95.47 65.42 73.75
95.47 65.73 73.75 to 99.53 65.73 73.75
99.53 66.04 73.75 to 95.47 66.04 73.75
95.47 66.36 73.75 to 99.53 66.36 73.75
99.53 66.67 73.75 to 95.47 66.67 73.75
95.47 66.98 73.75 to 99.53 66.98 73.75
99.53 67.30 73.75 to 95.47 67.30 73.75
95.47 67.61 73.75 to 99.53 67.61 73.75
99.53 67.92 73.75 to 95.47 67.92 73.75
95.47 68.23 73.75 to 99.53 68.23 73.75
99.53 68.55 73.75 to 95.47 68.55 73.75
95.47 68.86 73.75 to 99.53 68.86 73.75
99.53 69.17 73.75 to 95.47 69.17 73.75
95.47 69.49 73.75 to 99.53 69.49 73.75
99.53 69.80 73.75 to 95.47 69.80 73.75
95.47 70.11 73.75 to 99.53 70.11 73.75
99.53 70.43 73.75 to 95.47 70.43 73.75
95.47 70.74 73.75 to 99.53 70.74 73.75
99.53 71.05 73.75 to 95.47 71.05 73.75
95.47 71.36 73.75 to 99.53 71.36 73.75
95.47 60.72 74 to 99.53 60.72 74
99.53 61.04 74 to 95.47 61.04 74
95.47 61.35 74 to 99.53 61.35 74
99.53 61.66 74 to 95.47 61.66 74
95.47 61.97 74 to 99.53 61.97 74
99.53 62.29 74 to 95.47 62.29 74
95.47 62.60 74 to 99.53 62.60 74
99.53 62.91 74 to 95.47 62.91 74
95.47 63.23 74 to 99.53 63.23 74
99.53 63.54 74 to 95.47 63.54 74
95.47 63.85 74 to 99.53 63.85 74
99.53 64.17 74 to 95.47 64.17 74
95.47 64.48 74 to 99.53 64.48 74
99.53 64.79 74 to 95.47 64.79 74
95.47 65.10 74 to 99.53 65.10 74
99.53 65.42 74 to 95.47 65.42 74
95.47 65.73 74 to 99.53 65.73 74
99.53 66.04 74 to 95.47 66.04 74
95.47 66.36 74 to 99.53 66.36 74
99.53 66.67 74 to 95.47 66.67 74
95.47 66.98 74 to 99.53 66.98 74
99.53 67.30 74 to 95.47 67.30 74
95.47 67.61 74 to 99.53 67.61 74
99.53 67.92 74 to 95.47 67.92 74
95.47 68.23 74 to 99.53 68.23 74
99.53 68.55 74 to 95.47 68.55 74
95.47 68.86 74 to 99.53 68.86 74
99.53 69.17 74 to 95.47 69.17 74
95.47 69.49 74 to 99.53 69.49 74
99.53 69.80 74 to 95.47 69.80 74
95.47 70.11 74 to 99.53 70.11 74
99.53 70.43 74 to 95.47 70.43 74
95.47 70.74 74 to 99.53 70.74 74
99.53 71.05 74 to 95.47 71.05 74
95.47 71.36 74 to 99.53 71.36 74
95.47 60.72 74.25 to 99.53 60.72 74.25
99.53 61.04 74.25 to 95.47 61.04 74.25
95.47 61.35 74.25 to 99.53 61.35 74.25
99.53 61.66 74.25 to 95.47 61.66 74.25
95.47 61.97 74.25 to 99.53 61.97 74.25
99.53 62.29 74.25 to 95.47 62.29 74.25
95.47 62.60 74.25 to 99.53 62.60 74.25
99.53 62.91 74.25 to 95.47 62.91 74.25
95.47 63.23 74.25 to 99.53 63.23 74.25
99.53 63.54 74.25 to 95.47 63.54 74.25
95.47 63.85 74.25 to 99.53 63.85 74.25
99.53 64.17 74.25 to 95.47 64.17 74.25
95.47 64.48 74.25 to 99.53 64.48 74.25
99.53 64.79 74.25 to 95.47 64.79 74.25
95.47 65.10 74.25 to 99.53 65.10 74.25
99.53 65.42 74.25 to 95.47 65.42 74.25
95.47 65.73 74.25 to 99.53 65.73 74.25
99.53 66.04 74.25 to 95.47 66.04 74.25
95.47 66.36 74.25 to 99.53 66.36 74.25
99.53 66.67 74.25 to 95.47 66.67 74.25
95.47 66.98 74.25 to 99.53 66.98 74.25
99.53 67.30 74.25 to 95.47 67.30 74.25
95.47 67.61 74.25 to 99.53 67.61 74.25
99.53 67.92 74.25 to 95.47 67.92 74.25
95.47 68.23 74.25 to 99.53 68.23 74.25
99.53 68.55 74.25 to 95.47 68.55 74.25
95.47 68.86 74.25 to 99.53 68.86 74.25
99.53 69.17 74.25 to 95.47 69.17 74.25
95.47 69.49 74.25 to 99.53 69.49 74.25
99.53 69.80 74.25 to 95.47 69.80 74.25
95.47 70.11 74.25 to 99.53 70.11 74.25
99.53 70.43 74.25 to 95.47 70.43 74.25
95.47 70.74 74.25 to 99.53 70.74 74.25
99.53 71.05 74.25 to 95.47 71.05 74.25
95.47 71.36 74.25 to 99.53 71.36 74.25
95.47 60.72 74.5 to 99.53 60.72 74.5
99.53 61.04 74.5 to 95.47 61.04 74.5
95.47 61.35 74.5 to 99.53 61.35 74.5
99.53 61.66 74.5 to 95.47 61.66 74.5
95.47 61.97 74.5 to 99.53 61.97 74.5
99.53 62.29 74.5 to 95.47 62.29 74.5
95.47 62.60 74.5 to 99.53 62.60 74.5
99.53 62.91 74.5 to 95.47 62.91 74.5
95.47 63.23 74.5 to 99.53 63.23 74.5
99.53 63.54 74.5 to 95.47 63.54 74.5
95.47 63.85 74.5 to 99.53 63.85 74.5
99.53 64.17 74.5 to 95.47 64.17 74.5
95.47 64.48 74.5 to 99.53 64.48 74.5
99.53 64.79 74.5 to 95.47 64.79 74.5
95.47 65.10 74.5 to 99.53 65.10 74.5
99.53 65.42 74.5 to 95.47 65.42 74.5
95.47 65.73 74.5 to 99.53 65.73 74.5
99.53 66.04 74.5 to 95.47 66.04 74.5
95.47 66.36 74.5 to 99.53 66.36 74.5
99.53 66.67 74.5 to 95.47 66.67 74.5
95.47 66.98 74.5 to 99.53 66.98 74.5
99.53 67.30 74.5 to 95.47 67.30 74.5
95.47 67.61 74.5 to 99.53 67.61 74.5
99.53 67.92 74.5 to 95.47 67.92 74.5
95.47 68.23 74.5 to 99.53 68.23 74.5
99.53 68.55 74.5 to 95.47 68.55 74.5
95.47 68.86 74.5 to 99.53 68.86 74.5
99.53 69.17 74.5 to 95.47 69.17 74.5
95.47 69.49 74.5 to 99.53 69.49 74.5
99.53 69.80 74.5 to 95.47 69.80 74.5
95.47 70.11 74.5 to 99.53 70.11 74.5
99.53 70.43 74.5 to 95.47 70.43 74.5
95.47 70.74 74.5 to 99.53 70.74 74.5
99.53 71.05 74.5 to 95.47 71.05 74.5
95.47 71.36 74.5 to 99.53 71.36 74.5
95.47 60.72 74.75 to 99.53 60.72 74.75
99.53 61.04 74.75 to 95.47 61.04 74.75
95.47 61.35 74.75 to 99.53 61.35 74.75
99.53 61.66 74.75 to 95.47 61.66 74.75
95.47 61.97 74.75 to 99.53 61.97 74.75
99.53 62.29 74.75 to 95.47 62.29 74.75
95.47 62.60 74.75 to 99.53 62.60 74.75
99.53 62.91 74.75 to 95.47 62.91 74.75
95.47 63.23 74.75 to 99.53 63.23 74.75
99.53 63.54 74.75 to 95.47 63.54 74.75
95.47 63.85 74.75 to 99.53 63.85 74.75
99.53 64.17 74.75 to 95.47 64.17 74.75
95.47 64.48 74.75 to 99.53 64.48 74.75
99.53 64.79 74.75 to 95.47 64.79 74.75
95.47 65.10 74.75 to 99.53 65.10 74.75
99.53 65.42 74.75 to 95.47 65.42 74.75
95.47 65.73 74.75 to 99.53 65.73 74.75
99.53 66.04 74.75 to 95.47 66.04 74.75
95.47 66.36 74.75 to 99.53 66.36 74.75
99.53 66.67 74.75 to 95.47 66.67 74.75
95.47 66.98 74.75 to 99.53 66.98 74.75
99.53 67.30 74.75 to 95.47 67.30 74.75
95.47 67.61 74.75 to 99.53 67.61 74.75
99.53 67.92 74.75 to 95.47 67.92 74.75
95.47 68.23 74.75 to 99.53 68.23 74.75
99.53 68.55 74.75 to 95.47 68.55 74.75
95.47 68.86 74.75 to 99.53 68.86 74.75
99.53 69.17 74.75 to 95.47 69.17 74.75
95.47 69.49 74.75 to 99.53 69.49 74.75
99.53 69.80 74.75 to 95.47 69.80 74.75
95.47 70.11 74.75 to 99.53 70.11 74.75
99.53 70.43 74.75 to 95.47 70.43 74.75
95.47 70.74 74.75 to 99.53 70.74 74.75
99.53 71.05 74.75 to 95.47 71.05 74.75
95.47 71.36 74.75 to 99.53 71.36 74.75
95.47 60.72 75 to 99.53 60.72 75
99.53 61.04 75 to 95.47 61.04 75
95.47 61.35 75 to 99.53 61.35 75
99.53 61.66 75 to 95.47 61.66 75
95.47 61.97 75 to 99.53 61.97 75
99.53 62.29 75 to 95.47 62.29 75
95.47 62.60 75 to 99.53 62.60 75
99.53 62.91 75 to 95.47 62.91 75
95.47 63.23 75 to 99.53 63.23 75
99.53 63.54 75 to 95.47 63.54 75
95.47 63.85 75 to 99.53 63.85 75
99.53 64.17 75 to 95.47 64.17 75
95.47 64.48 75 to 99.53 64.48 75
99.53 64.79 75 to 95.47 64.79 75
95.47 65.10 75 to 99.53 65.10 75
99.53 65.42 75 to 95.47 65.42 75
95.47 65.73 75 to 99.53 65.73 75
99.53 66.04 75 to 95.47 66.04 75
95.47 66.36 75 to 99.53 66.36 75
99.53 66.67 75 to 95.47 66.67 75
95.47 66.98 75 to 99.53 66.98 75
99.53 67.30 75 to 95.47 67.30 75
95.47 67.61 75 to 99.53 67.61 75
99.53 67.92 75 to 95.47 67.92 75
95.47 68.23 75 to 99.53 68.23 75
99.53 68.55 75 to 95.47 68.55 75
95.47 68.86 75 to 99.53 68.86 75
99.53 69.17 75 to 95.47 69.17 75
95.47 69.49 75 to 99.53 69.49 75
99.53 69.80 75 to 95.47 69.80 75
95.47 70.11 75 to 99.53 70.11 75
99.53 70.43 75 to 95.47 70.43 75
95.47 70.74 75 to 99.53 70.74 75
99.53 71.05 75 to 95.47 71.05 75
95.47 71.36 75 to 99.53 71.36 75
95.47 60.72 75.25 to 99.53 60.72 75.25
99.53 61.04 75.25 to 95.47 61.04 75.25
95.47 61.35 75.25 to 99.53 61.35 75.25
99.53 61.66 75.25 to 95.47 61.66 75.25
95.47 61.97 75.25 to 99.53 61.97 75.25
99.53 62.29 75.25 to 95.47 62.29 75.25
95.47 62.60 75.25 to 99.53 62.60 75.25
99.53 62.91 75.25 to 95.47 62.91 75.25
95.47 63.23 75.25 to 99.53 63.23 75.25
99.53 63.54 75.25 to 95.47 63.54 75.25
95.47 63.85 75.25 to 99.53 63.85 75.25
99.53 64.17 75.25 to 95.47 64.17 75.25
95.47 64.48 75.25 to 99.53 64.48 75.25
99.53 64.79 75.25 to 95.47 64.79 75.25
95.47 65.10 75.25 to 99.53 65.10 75.25
99.53 65.42 75.25 to 95.47 65.42 75.25
95.47 65.73 75.25 to 99.53 65.73 75.25
99.53 66.04 75.25 to 95.47 66.04 75.25
95.47 66.36 75.25 to 99.53 66.36 75.25
99.53 66.67 75.25 to 95.47 66.67 75.25
95.47 66.98 75.25 to 99.53 66.98 75.25
99.53 67.30 75.25 to 95.47 67.30 75.25
95.47 67.61 75.25 to 99.53 67.61 75.25
99.53 67.92 75.25 to 95.47 67.92 75.25
95.47 68.23 75.25 to 99.53 68.23 75.25
99.53 68.55 75.25 to 95.47 68.55 75.25
95.47 68.86 75.25 to 99.53 68.86 75.25
99.53 69.17 75.25 to 95.47 69.17 75.25
95.47 69.49 75.25 to 99.53 69.49 75.25
99.53 69.80 75.25 to 95.47 69.80 75.25
95.47 70.11 75.25 to 99.53 70.11 75.25
99.53 70.43 75.25 to 95.47 70.43 75.25
95.47 70.74 75.25 to 99.53 70.74 75.25
99.53 71.05 75.25 to 95.47 71.05 75.25
95.47 71.36 75.25 to 99.53 71.36 75.25
95.47 60.72 75.5 to 99.53 60.72 75.5
99.53 61.04 75.5 to 95.47 61.04 75.5
95.47 61.35 75.5 to 99.53 61.35 75.5
99.53 61.66 75.5 to 95.47 61.66 75.5
95.47 61.97 75.5 to 99.53 61.97 75.5
99.53 62.29 75.5 to 95.47 62.29 75.5
95.47 62.60 75.5 to 99.53 62.60 75.5
99.53 62.91 75.5 to 95.47 62.91 75.5
95.47 63.23 75.5 to 99.53 63.23 75.5
99.53 63.54 75.5 to 95.47 63.54 75.5
95.47 63.85 75.5 to 99.53 63.85 75.5
99.53 64.17 75.5 to 95.47 64.17 75.5
95.47 64.48 75.5 to 99.53 64.48 75.5
99.53 64.79 75.5 to 95.47 64.79 75.5
95.47 65.10 75.5 to 99.53 65.10 75.5
99.53 65.42 75.5 to 95.47 65.42 75.5
95.47 65.73 75.5 to 99.53 65.73 75.5
99.53 66.04 75.5 to 95.47 66.04 75.5
95.47 66.36 75.5 to 99.53 66.36 75.5
99.53 66.67 75.5 to 95.47 66.67 75.5
95.47 66.98 75.5 to 99.53 66.98 75.5
99.53 67.30 75.5 to 95.47 67.30 75.5
95.47 67.61 75.5 to 99.53 67.61 75.5
99.53 67.92 75.5 to 95.47 67.92 75.5
95.47 68.23 75.5 to 99.53 68.23 75.5
99.53 68.55 75.5 to 95.47 68.55 75.5
95.47 68.86 75.5 to 99.53 68.86 75.5
99.53 69.17 75.5 to 95.47 69.17 75.5
95.47 69.49 75.5 to 99.53 69.49 75.5
99.53 69.80 75.5 to 95.47 69.80 75.5
95.47 70.11 75.5 to 99.53 70.11 75.5
99.53 70.43 75.5 to 95.47 70.43 75.5
95.47 70.74 75.5 to 99.53 70.74 75.5
99.53 71.05 75.5 to 95.47 71.05 75.5
95.47 71.36 75.5 to 99.53 71.36 75.5
95.47 60.72 75.75 to 99.53 60.72 75.75
99.53 61.04 75.75 to 95.47 61.04 75.75
95.47 61.35 75.75 to 99.53 61.35 75.75
99.53 61.66 75.75 to 95.47 61.66 75.75
95.47 61.97 75.75 to 99.53 61.97 75.75
99.53 62.29 75.75 to 95.47 62.29 75.75
95.47 62.60 75.75 to 99.53 62.60 75.75
99.53 62.91 75.75 to 95.47 62.91 75.75
95.47 63.23 75.75 to 99.53 63.23 75.75
99.53 63.54 75.75 to 95.47 63.54 75.75
95.47 63.85 75.75 to 99.53 63.85 75.75
99.53 64.17 75.75 to 95.47 64.17 75.75
95.47 64.48 75.75 to 99.53 64.48 75.75
99.53 64.79 75.75 to 95.47 64.79 75.75
95.47 65.10 75.75 to 99.53 65.10 75.75
99.53 65.42 75.75 to 95.47 65.42 75.75
95.47 65.73 75.75 to 99.53 65.73 75.75
99.53 66.04 75.75 to 95.47 66.04 75.75
95.47 66.36 75.75 to 99.53 66.36 75.75
99.53 66.67 75.75 to 95.47 66.67 75.75
95.47 66.98 75.75 to 99.53 66.98 75.75
99.53 67.30 75.75 to 95.47 67.30 75.75
95.47 67.61 75.75 to 99.53 67.61 75.75
99.53 67.92 75.75 to 95.47 67.92 75.75
95.47 68.23 75.75 to 99.53 68.23 75.75
99.53 68.55 75.75 to 95.47 68.55 75.75
95.47 68.86 75.75 to 99.53 68.86 75.75
99.53 69.17 75.75 to 95.47 69.17 75.75
95.47 69.49 75.75 to 99.53 69.49 75.75
99.53 69.80 75.75 to 95.47 69.80 75.75
95.47 70.11 75.75 to 99.53 70.11 75.75
99.53 70.43 75.75 to 95.47 70.43 75.75
95.47 70.74 75.75 to 99.53 70.74 75.75
99.53 71.05 75.75 to 95.47 71.05 75.75
95.47 71.36 75.75 to 99.53 71.36 75.75
95.47 60.72 76 to 99.53 60.72 76
99.53 61.04 76 to 95.47 61.04 76
95.47 61.35 76 to 99.53 61.35 76
99.53 61.66 76 to 95.47 61.66 76
95.47 61.97 76 to 99.53 61.97 76
99.53 62.29 76 to 95.47 62.29 76
95.47 62.60 76 to 99.53 62.60 76
99.53 62.91 76 to 95.47 62.91 76
95.47 63.23 76 to 99.53 63.23 76
99.53 63.54 76 to 95.47 63.54 76
95.47 63.85 76 to 99.53 63.85 76
99.53 64.17 76 to 95.47 64.17 76
95.47 64.48 76 to 99.53 64.48 76
99.53 64.79 76 to 95.47 64.79 76
95.47 65.10 76 to 99.53 65.10 76
99.53 65.42 76 to 95.47 65.42 76
95.47 65.73 76 to 99.53 65.73 76
99.53 66.04 76 to 95.47 66.04 76
95.47 66.36 76 to 99.53 66.36 76
99.53 66.67 76 to 95.47 66.67 76
95.47 66.98 76 to 99.53 66.98 76
99.53 67.30 76 to 95.47 67.30 76
95.47 67.61 76 to 99.53 67.61 76
99.53 67.92 76 to 95.47 67.92 76
95.47 68.23 76 to 99.53 68.23 76
99.53 68.55 76 to 95.47 68.55 76
95.47 68.86 76 to 99.53 68.86 76
99.53 69.17 76 to 95.47 69.17 76
95.47 69.49 76 to 99.53 69.49 76
99.53 69.80 76 to 95.47 69.80 76
95.47 70.11 76 to 99.53 70.11 76
99.53 70.43 76 to 95.47 70.43 76
95.47 70.74 76 to 99.53 70.74 76
99.53 71.05 76 to 95.47 71.05 76
95.47 71.36 76 to 99.53 71.36 76
95.47 60.72 76.25 to 99.53 60.72 76.25
99.53 61.04 76.25 to 95.47 61.04 76.25
95.47 61.35 76.25 to 99.53 61.35 76.25
99.53 61.66 76.25 to 95.47 61.66 76.25
95.47 61.97 76.25 to 99.53 61.97 76.25
99.53 62.29 76.25 to 95.47 62.29 76.25
95.47 62.60 76.25 to 99.53 62.60 76.25
99.53 62.91 76.25 to 95.47 62.91 76.25
95.47 63.23 76.25 to 99.53 63.23 76.25
99.53 63.54 76.25 to 95.47 63.54 76.25
95.47 63.85 76.25 to 99.53 63.85 76.25
99.53 64.17 76.25 to 95.47 64.17 76.25
95.47 64.48 76.25 to 99.53 64.48 76.25
99.53 64.79 76.25 to 95.47 64.79 76.25
95.47 65.10 76.25 to 99.53 65.10 76.25
99.53 65.42 76.25 to 95.47 65.42 76.25
95.47 65.73 76.25 to 99.53 65.73 76.25
99.53 66.04 76.25 to 95.47 66.04 76.25
95.47 66.36 76.25 to 99.53 66.36 76.25
99.53 66.67 76.25 to 95.47 66.67 76.25
95.47 66.98 76.25 to 99.53 66.98 76.25
99.53 67.30 76.25 to 95.47 67.30 76.25
95.47 67.61 76.25 to 99.53 67.61 76.25
99.53 67.92 76.25 to 95.47 67.92 76.25
95.47 68.23 76.25 to 99.53 68.23 76.25
99.53 68.55 76.25 to 95.47 68.55 76.25
95.47 68.86 76.25 to 99.53 68.86 76.25
99.53 69.17 76.25 to 95.47 69.17 76.25
95.47 69.49 76.25 to 99.53 69.49 76.25
99.53 69.80 76.25 to 95.47 69.80 76.25
95.47 70.11 76.25 to 99.53 70.11 76.25
99.53 70.43 76.25 to 95.47 70.43 76.25
95.47 70.74 76.25 to 99.53 70.74 76.25
99.53 71.05 76.25 to 95.47 71.05 76.25
95.47 71.36 76.25 to 99.53 71.36 76.25
95.47 60.72 76.5 to 99.53 60.72 76.5
99.53 61.04 76.5 to 95.47 61.04 76.5
95.47 61.35 76.5 to 99.53 61.35 76.5
99.53 61.66 76.5 to 95.47 61.66 76.5
95.47 61.97 76.5 to 99.53 61.97 76.5
99.53 62.29 76.5 to 95.47 62.29 76.5
95.47 62.60 76.5 to 99.53 62.60 76.5
99.53 62.91 76.5 to 95.47 62.91 76.5
95.47 63.23 76.5 to 99.53 63.23 76.5
99.53 63.54 76.5 to 95.47 63.54 76.5
95.47 63.85 76.5 to 99.53 63.85 76.5
99.53 64.17 76.5 to 95.47 64.17 76.5
95.47 64.48 76.5 to 99.53 64.48 76.5
99.53 64.79 76.5 to 95.47 64.79 76.5
95.47 65.10 76.5 to 99.53 65.10 76.5
99.53 65.42 76.5 to 95.47 65.42 76.5
95.47 65.73 76.5 to 99.53 65.73 76.5
99.53 66.04 76.5 to 95.47 66.04 76.5
95.47 66.36 76.5 to 99.53 66.36 76.5
99.53 66.67 76.5 to 95.47 66.67 76.5
95.47 66.98 76.5 to 99.53 66.98 76.5
99.53 67.30 76.5 to 95.47 67.30 76.5
95.47 67.61 76.5 to 99.53 67.61 76.5
99.53 67.92 76.5 to 95.47 67.92 76.5
95.47 68.23 76.5 to 99.53 68.23 76.5
99.53 68.55 76.5 to 95.47 68.55 76.5
95.47 68.86 76.5 to 99.53 68.86 76.5
99.53 69.17 76.5 to 95.47 69.17 76.5
95.47 69.49 76.5 to 99.53 69.49 76.5
99.53 69.80 76.5 to 95.47 69.80 76.5
95.47 70.11 76.5 to 99.53 70.11 76.5
99.53 70.43 76.5 to 95.47 70.43 76.5
95.47 70.74 76.5 to 99.53 70.74 76.5
99.53 71.05 76.5 to 95.47 71.05 76.5
95.47 71.36 76.5 to 99.53 71.36 76.5
95.47 60.72 76.75 to 99.53 60.72 76.75
99.53 61.04 76.75 to 95.47 61.04 76.75
95.47 61.35 76.75 to 99.53 61.35 76.75
99.53 61.66 76.75 to 95.47 61.66 76.75
95.47 61.97 76.75 to 99.53 61.97 76.75
99.53 62.29 76.75 to 95.47 62.29 76.75
95.47 62.60 76.75 to 99.53 62.60 76.75
99.53 62.91 76.75 to 95.47 62.91 76.75
95.47 63.23 76.75 to 99.53 63.23 76.75
99.53 63.54 76.75 to 95.47 63.54 76.75
95.47 63.85 76.75 to 99.53 63.85 76.75
99.53 64.17 76.75 to 95.47 64.17 76.75
95.47 64.48 76.75 to 99.53 64.48 76.75
99.53 64.79 76.75 to 95.47 64.79 76.75
95.47 65.10 76.75 to 99.53 65.10 76.75
99.53 65.42 76.75 to 95.47 65.42 76.75
95.47 65.73 76.75 to 99.53 65.73 76.75
99.53 66.04 76.75 to 95.47 66.04 76.75
95.47 66.36 76.75 to 99.53 66.36 76.75
99.53 66.67 76.75 to 95.47 66.67 76.75
95.47 66.98 76.75 to 99.53 66.98 76.75
99.53 67.30 76.75 to 95.47 67.30 76.75
95.47 67.61 76.75 to 99.53 67.61 76.75
99.53 67.92 76.75 to 95.47 67.92 76.75
95.47 68.23 76.75 to 99.53 68.23 76.75
99.53 68.55 76.75 to 95.47 68.55 76.75
95.47 68.86 76.75 to 99.53 68.86 76.75
99.53 69.17 76.75 to 95.47 69.17 76.75
95.47 69.49 76.75 to 99.53 69.49 76.75
99.53 69.80 76.75 to 95.47 69.80 76.75
95.47 70.11 76.75 to 99.53 70.11 76.75
99.53 70.43 76.75 to 95.47 70.43 76.75
95.47 70.74 76.75 to 99.53 70.74 76.75
99.53 71.05 76.75 to 95.47 71.05 76.75
95.47 71.36 76.75 to 99.53 71.36 76.75
95.47 60.72 77 to 99.53 60.72 77
99.53 61.04 77 to 95.47 61.04 77
95.47 61.35 77 to 99.53 61.35 77
99.53 61.66 77 to 95.47 61.66 77
95.47 61.97 77 to 99.53 61.97 77
99.53 62.29 77 to 95.47 62.29 77
95.47 62.60 77 to 99.53 62.60 77
99.53 62.91 77 to 95.47 62.91 77
95.47 63.23 77 to 99.53 63.23 77
99.53 63.54 77 to 95.47 63.54 77
95.47 63.85 77 to 99.53 63.85 77
99.53 64.17 77 to 95.47 64.17 77
95.47 64.48 77 to 99.53 64.48 77
99.53 64.79 77 to 95.47 64.79 77
95.47 65.10 77 to 99.53 65.10 77
99.53 65.42 77 to 95.47 65.42 77
95.47 65.73 77 to 99.53 65.73 77
99.53 66.04 77 to 95.47 66.04 77
95.47 66.36 77 to 99.53 66.36 77
99.53 66.67 77 to 95.47 66.67 77
95.47 66.98 77 to 99.53 66.98 77
99.53 67.30 77 to 95.47 67.30 77
95.47 67.61 77 to 99.53 67.61 77
99.53 67.92 77 to 95.47 67.92 77
95.47 68.23 77 to 99.53 68.23 77
99.53 68.55 77 to 95.47 68.55 77
95.47 68.86 77 to 99.53 68.86 77
99.53 69.17 77 to 95.47 69.17 77
95.47 69.49 77 to 99.53 69.49 77
99.53 69.80 77 to 95.47 69.80 77
95.47 70.11 77 to 99.53 70.11 77
99.53 70.43 77 to 95.47 70.43 77
95.47 70.74 77 to 99.53 70.74 77
99.53 71.05 77 to 95.47 71.05 77
95.47 71.36 77 to 99.53 71.36 77
95.47 60.72 77.25 to 99.53 60.72 77.25
99.53 61.04 77.25 to 95.47 61.04 77.25
95.47 61.35 77.25 to 99.53 61.35 77.25
99.53 61.66 77.25 to 95.47 61.66 77.25
95.47 61.97 77.25 to 99.53 61.97 77.25
99.53 62.29 77.25 to 95.47 62.29 77.25
95.47 62.60 77.25 to 99.53 62.60 77.25
99.53 62.91 77.25 to 95.47 62.91 77.25
95.47 63.23 77.25 to 99.53 63.23 77.25
99.53 63.54 77.25 to 95.47 63.54 77.25
95.47 63.85 77.25 to 99.53 63.85 77.25
99.53 64.17 77.25 to 95.47 64.17 77.25
95.47 64.48 77.25 to 99.53 64.48 77.25
99.53 64.79 77.25 to 95.47 64.79 77.25
95.47 65.10 77.25 to 99.53 65.10 77.25
99.53 65.42 77.25 to 95.47 65.42 77.25
95.47 65.73 77.25 to 99.53 65.73 77.25
99.53 66.04 77.25 to 95.47 66.04 77.25
95.47 66.36 77.25 to 99.53 66.36 77.25
99.53 66.67 77.25 to 95.47 66.67 77.25
95.47 66.98 77.25 to 99.53 66.98 77.25
99.53 67.30 77.25 to 95.47 67.30 77.25
95.47 67.61 77.25 to 99.53 67.61 77.25
99.53 67.92 77.25 to 95.47 67.92 77.25
95.47 68.23 77.25 to 99.53 68.23 77.25
99.53 68.55 77.25 to 95.47 68.55 77.25
95.47 68.86 77.25 to 99.53 68.86 77.25
99.53 69.17 77.25 to 95.47 69.17 77.25
95.47 69.49 77.25 to 99.53 69.49 77.25
99.53 69.80 77.25 to 95.47 69.80 77.25
95.47 70.11 77.25 to 99.53 70.11 77.25
99.53 70.43 77.25 to 95.47 70.43 77.25
95.47 70.74 77.25 to 99.53 70.74 77.25
99.53 71.05 77.25 to 95.47 71.05 77.25
95.47 71.36 77.25 to 99.53 71.36 77.25
95.47 60.72 77.5 to 99.53 60.72 77.5
99.53 61.04 77.5 to 95.47 61.04 77.5
95.47 61.35 77.5 to 99.53 61.35 77.5
99.53 61.66 77.5 to 95.47 61.66 77.5
95.47 61.97 77.5 to 99.53 61.97 77.5
99.53 62.29 77.5 to 95.47 62.29 77.5
95.47 62.60 77.5 to 99.53 62.60 77.5
99.53 62.91 77.5 to 95.47 62.91 77.5
95.47 63.23 77.5 to 99.53 63.23 77.5
99.53 63.54 77.5 to 95.47 63.54 77.5
95.47 63.85 77.5 to 99.53 63.85 77.5
99.53 64.17 77.5 to 95.47 64.17 77.5
95.47 64.48 77.5 to 99.53 64.48 77.5
99.53 64.79 77.5 to 95.47 64.79 77.5
95.47 65.10 77.5 to 99.53 65.10 77.5
99.53 65.42 77.5 to 95.47 65.42 77.5
95.47 65.73 77.5 to 99.53 65.73 77.5
99.53 66.04 77.5 to 95.47 66.04 77.5
95.47 66.36 77.5 to 99.53 66.36 77.5
99.53 66.67 77.5 to 95.47 66.67 77.5
95.47 66.98 77.5 to 99.53 66.98 77.5
99.53 67.30 77.5 to 95.47 67.30 77.5
95.47 67.61 77.5 to 99.53 67.61 77.5
99.53 67.92 77.5 to 95.47 67.92 77.5
95.47 68.23 77.5 to 99.53 68.23 77.5
99.53 68.55 77.5 to 95.47 68.55 77.5
95.47 68.86 77.5 to 99.53 68.86 77.5
99.53 69.17 77.5 to 95.47 69.17 77.5
95.47 69.49 77.5 to 99.53 69.49 77.5
99.53 69.80 77.5 to 95.47 69.80 77.5
95.47 70.11 77.5 to 99.53 70.11 77.5
99.53 70.43 77.5 to 95.47 70.43 77.5
95.47 70.74 77.5 to 99.53 70.74 77.5
99.53 71.05 77.5 to 95.47 71.05 77.5
95.47 71.36 77.5 to 99.53 71.36 77.5
95.47 60.72 77.75 to 99.53 60.72 77.75
99.53 61.04 77.75 to 95.47 61.04 77.75
95.47 61.35 77.75 to 99.53 61.35 77.75
99.53 61.66 77.75 to 95.47 61.66 77.75
95.47 61.97 77.75 to 99.53 61.97 77.75
99.53 62.29 77.75 to 95.47 62.29 77.75
95.47 62.60 77.75 to 99.53 62.60 77.75
99.53 62.91 77.75 to 95.47 62.91 77.75
95.47 63.23 77.75 to 99.53 63.23 77.75
99.53 63.54 77.75 to 95.47 63.54 77.75
95.47 63.85 77.75 to 99.53 63.85 77.75
99.53 64.17 77.75 to 95.47 64.17 77.75
95.47 64.48 77.75 to 99.53 64.48 77.75
99.53 64.79 77.75 to 95.47 64.79 77.75
95.47 65.10 77.75 to 99.53 65.10 77.75
99.53 65.42 77.75 to 95.47 65.42 77.75
95.47 65.73 77.75 to 99.53 65.73 77.75
99.53 66.04 77.75 to 95.47 66.04 77.75
95.47 66.36 77.75 to 99.53 66.36 77.75
99.53 66.67 77.75 to 95.47 66.67 77.75
95.47 66.98 77.75 to 99.53 66.98 77.75
99.53 67.30 77.75 to 95.47 67.30 77.75
95.47 67.61 77.75 to 99.53 67.61 77.75
99.53 67.92 77.75 to 95.47 67.92 77.75
95.47 68.23 77.75 to 99.53 68.23 77.75
99.53 68.55 77.75 to 95.47 68.55 77.75
95.47 68.86 77.75 to 99.53 68.86 77.75
99.53 69.17 77.75 to 95.47 69.17 77.75
95.47 69.49 77.75 to 99.53 69.49 77.75
99.53 69.80 77.75 to 95.47 69.80 77.75
95.47 70.11 77.75 to 99.53 70.11 77.75
99.53 70.43 77.75 to 95.47 70.43 77.75
95.47 70.74 77.75 to 99.53 70.74 77.75
99.53 71.05 77.75 to 95.47 71.05 77.75
95.47 71.36 77.75 to 99.53 71.36 77.75
95.47 60.72 78 to 99.53 60.72 78
99.53 61.04 78 to 95.47 61.04 78
95.47 61.35 78 to 99.53 61.35 78
99.53 61.66 78 to 95.47 61.66 78
95.47 61.97 78 to 99.53 61.97 78
99.53 62.29 78 to 95.47 62.29 78
95.47 62.60 78 to 99.53 62.60 78
99.53 62.91 78 to 95.47 62.91 78
95.47 63.23 78 to 99.53 63.23 78
99.53 63.54 78 to 95.47 63.54 78
95.47 63.85 78 to 99.53 63.85 78
99.53 64.17 78 to 95.47 64.17 78
95.47 64.48 78 to 99.53 64.48 78
99.53 64.79 78 to 95.47 64.79 78
95.47 65.10 78 to 99.53 65.10 78
99.53 65.42 78 to 95.47 65.42 78
95.47 65.73 78 to 99.53 65.73 78
99.53 66.04 78 to 95.47 66.04 78
95.47 66.36 78 to 99.53 66.36 78
99.53 66.67 78 to 95.47 66.67 78
95.47 66.98 78 to 99.53 66.98 78
99.53 67.30 78 to 95.47 67.30 78
95.47 67.61 78 to 99.53 67.61 78
99.53 67.92 78 to 95.47 67.92 78
95.47 68.23 78 to 99.53 68.23 78
99.53 68.55 78 to 95.47 68.55 78
95.47 68.86 78 to 99.53 68.86 78
99.53 69.17 78 to 95.47 69.17 78
95.47 69.49 78 to 99.53 69.49 78
99.53 69.80 78 to 95.47 69.80 78
95.47 70.11 78 to 99.53 70.11 78
99.53 70.43 78 to 95.47 70.43 78
95.47 70.74 78 to 99.53 70.74 78
99.53 71.05 78 to 95.47 71.05 78
95.47 71.36 78 to 99.53 71.36 78
95.47 60.72 78.25 to 99.53 60.72 78.25
99.53 61.04 78.25 to 95.47 61.04 78.25
95.47 61.35 78.25 to 99.53 61.35 78.25
99.53 61.66 78.25 to 95.47 61.66 78.25
95.47 61.97 78.25 to 99.53 61.97 78.25
99.53 62.29 78.25 to 95.47 62.29 78.25
95.47 62.60 78.25 to 99.53 62.60 78.25
99.53 62.91 78.25 to 95.47 62.91 78.25
95.47 63.23 78.25 to 99.53 63.23 78.25
99.53 63.54 78.25 to 95.47 63.54 78.25
95.47 63.85 78.25 to 99.53 63.85 78.25
99.53 64.17 78.25 to 95.47 64.17 78.25
95.47 64.48 78.25 to 99.53 64.48 78.25
99.53 64.79 78.25 to 95.47 64.79 78.25
95.47 65.10 78.25 to 99.53 65.10 78.25
99.53 65.42 78.25 to 95.47 65.42 78.25
95.47 65.73 78.25 to 99.53 65.73 78.25
99.53 66.04 78.25 to 95.47 66.04 78.25
95.47 66.36 78.25 to 99.53 66.36 78.25
99.53 66.67 78.25 to 95.47 66.67 78.25
95.47 66.98 78.25 to 99.53 66.98 78.25
99.53 67.30 78.25 to 95.47 67.30 78.25
95.47 67.61 78.25 to 99.53 67.61 78.25
99.53 67.92 78.25 to 95.47 67.92 78.25
95.47 68.23 78.25 to 99.53 68.23 78.25
99.53 68.55 78.25 to 95.47 68.55 78.25
95.47 68.86 78.25 to 99.53 68.86 78.25
99.53 69.17 78.25 to 95.47 69.17 78.25
95.47 69.49 78.25 to 99.53 69.49 78.25
99.53 69.80 78.25 to 95.47 69.80 78.25
95.47 70.11 78.25 to 99.53 70.11 78.25
99.53 70.43 78.25 to 95.47 70.43 78.25
95.47 70.74 78.25 to 99.53 70.74 78.25
99.53 71.05 78.25 to 95.47 71.05 78.25
95.47 71.36 78.25 to 99.53 71.36 78.25
95.47 60.72 78.5 to 99.53 60.72 78.5
99.53 61.04 78.5 to 95.47 61.04 78.5
95.47 61.35 78.5 to 99.53 61.35 78.5
99.53 61.66 78.5 to 95.47 61.66 78.5
95.47 61.97 78.5 to 99.53 61.97 78.5
99.53 62.29 78.5 to 95.47 62.29 78.5
95.47 62.60 78.5 to 99.53 62.60 78.5
99.53 62.91 78.5 to 95.47 62.91 78.5
95.47 63.23 78.5 to 99.53 63.23 78.5
99.53 63.54 78.5 to 95.47 63.54 78.5
95.47 63.85 78.5 to 99.53 63.85 78.5
99.53 64.17 78.5 to 95.47 64.17 78.5
95.47 64.48 78.5 to 99.53 64.48 78.5
99.53 64.79 78.5 to 95.47 64.79 78.5
95.47 65.10 78.5 to 99.53 65.10 78.5
99.53 65.42 78.5 to 95.47 65.42 78.5
95.47 65.73 78.5 to 99.53 65.73 78.5
99.53 66.04 78.5 to 95.47 66.04 78.5
95.47 66.36 78.5 to 99.53 66.36 78.5
99.53 66.67 78.5 to 95.47 66.67 78.5
95.47 66.98 78.5 to 99.53 66.98 78.5
99.53 67.30 78.5 to 95.47 67.30 78.5
95.47 67.61 78.5 to 99.53 67.61 78.5
99.53 67.92 78.5 to 95.47 67.92 78.5
95.47 68.23 78.5 to 99.53 68.23 78.5
99.53 68.55 78.5 to 95.47 68.55 78.5
95.47 68.86 78.5 to 99.53 68.86 78.5
99.53 69.17 78.5 to 95.47 69.17 78.5
95.47 69.49 78.5 to 99.53 69.49 78.5
99.53 69.80 78.5 to 95.47 69.80 78.5
95.47 70.11 78.5 to 99.53 70.11 78.5
99.53 70.43 78.5 to 95.47 70.43 78.5
95.47 70.74 78.5 to 99.53 70.74 78.5
99.53 71.05 78.5 to 95.47 71.05 78.5
95.47 71.36 78.5 to 99.53 71.36 78.5
95.47 60.72 78.75 to 99.53 60.72 78.75
99.53 61.04 78.75 to 95.47 61.04 78.75
95.47 61.35 78.75 to 99.53 61.35 78.75
99.53 61.66 78.75 to 95.47 61.66 78.75
95.47 61.97 78.75 to 99.53 61.97 78.75
99.53 62.29 78.75 to 95.47 62.29 78.75
95.47 62.60 78.75 to 99.53 62.60 78.75
99.53 62.91 78.75 to 95.47 62.91 78.75
95.47 63.23 78.75 to 99.53 63.23 78.75
99.53 63.54 78.75 to 95.47 63.54 78.75
95.47 63.85 78.75 to 99.53 63.85 78.75
99.53 64.17 78.75 to 95.47 64.17 78.75
95.47 64.48 78.75 to 99.53 64.48 78.75
99.53 64.79 78.75 to 95.47 64.79 78.75
95.47 65.10 78.75 to 99.53 65.10 78.75
99.53 65.42 78.75 to 95.47 65.42 78.75
95.47 65.73 78.75 to 99.53 65.73 78.75
99.53 66.04 78.75 to 95.47 66.04 78.75
95.47 66.36 78.75 to 99.53 66.36 78.75
99.53 66.67 78.75 to 95.47 66.67 78.75
95.47 66.98 78.75 to 99.53 66.98 78.75
99.53 67.30 78.75 to 95.47 67.30 78.75
95.47 67.61 78.75 to 99.53 67.61 78.75
99.53 67.92 78.75 to 95.47 67.92 78.75
95.47 68.23 78.75 to 99.53 68.23 78.75
99.53 68.55 78.75 to 95.47 68.55 78.75
95.47 68.86 78.75 to 99.53 68.86 78.75
99.53 69.17 78.75 to 95.47 69.17 78.75
95.47 69.49 78.75 to 99.53 69.49 78.75
99.53 69.80 78.75 to 95.47 69.80 78.75
95.47 70.11 78.75 to 99.53 70.11 78.75
99.53 70.43 78.75 to 95.47 70.43 78.75
95.47 70.74 78.75 to 99.53 70.74 78.75
99.53 71.05 78.75 to 95.47 71.05 78.75
95.47 71.36 78.75 to 99.53 71.36 78.75
95.47 60.72 79 to 99.53 60.72 79
99.53 61.04 79 to 95.47 61.04 79
95.47 61.35 79 to 99.53 61.35 79
99.53 61.66 79 to 95.47 61.66 79
95.47 61.97 79 to 99.53 61.97 79
99.53 62.29 79 to 95.47 62.29 79
95.47 62.60 79 to 99.53 62.60 79
99.53 62.91 79 to 95.47 62.91 79
95.47 63.23 79 to 99.53 63.23 79
99.53 63.54 79 to 95.47 63.54 79
95.47 63.85 79 to 99.53 63.85 79
99.53 64.17 79 to 95.47 64.17 79
95.47 64.48 79 to 99.53 64.48 79
99.53 64.79 79 to 95.47 64.79 79
95.47 65.10 79 to 99.53 65.10 79
99.53 65.42 79 to 95.47 65.42 79
95.47 65.73 79 to 99.53 65.73 79
99.53 66.04 79 to 95.47 66.04 79
95.47 66.36 79 to 99.53 66.36 79
99.53 66.67 79 to 95.47 66.67 79
95.47 66.98 79 to 99.53 66.98 79
99.53 67.30 79 to 95.47 67.30 79
95.47 67.61 79 to 99.53 67.61 79
99.53 67.92 79 to 95.47 67.92 79
95.47 68.23 79 to 99.53 68.23 79
99.53 68.55 79 to 95.47 68.55 79
95.47 68.86 79 to 99.53 68.86 79
99.53 69.17 79 to 95.47 69.17 79
95.47 69.49 79 to 99.53 69.49 79
99.53 69.80 79 to 95.47 69.80 79
95.47 70.11 79 to 99.53 70.11 79
99.53 70.43 79 to 95.47 70.43 79
95.47 70.74 79 to 99.53 70.74 79
99.53 71.05 79 to 95.47 71.05 79
95.47 71.36 79 to 99.53 71.36 79
95.47 60.72 79.25 to 99.53 60.72 79.25
99.53 61.04 79.25 to 95.47 61.04 79.25
95.47 61.35 79.25 to 99.53 61.35 79.25
99.53 61.66 79.25 to 95.47 61.66 79.25
95.47 61.97 79.25 to 99.53 61.97 79.25
99.53 62.29 79.25 to 95.47 62.29 79.25
95.47 62.60 79.25 to 99.53 62.60 79.25
99.53 62.91 79.25 to 95.47 62.91 79.25
95.47 63.23 79.25 to 99.53 63.23 79.25
99.53 63.54 79.25 to 95.47 63.54 79.25
95.47 63.85 79.25 to 99.53 63.85 79.25
99.53 64.17 79.25 to 95.47 64.17 79.25
95.47 64.48 79.25 to 99.53 64.48 79.25
99.53 64.79 79.25 to 95.47 64.79 79.25
95.47 65.10 79.25 to 99.53 65.10 79.25
99.53 65.42 79.25 to 95.47 65.42 79.25
95.47 65.73 79.25 to 99.53 65.73 79.25
99.53 66.04 79.25 to 95.47 66.04 79.25
95.47 66.36 79.25 to 99.53 66.36 79.25
99.53 66.67 79.25 to 95.47 66.67 79.25
95.47 66.98 79.25 to 99.53 66.98 79.25
99.53 67.30 79.25 to 95.47 67.30 79.25
95.47 67.61 79.25 to 99.53 67.61 79.25
99.53 67.92 79.25 to 95.47 67.92 79.25
95.47 68.23 79.25 to 99.53 68.23 79.25
99.53 68.55 79.25 to 95.47 68.55 79.25
95.47 68.86 79.25 to 99.53 68.86 79.25
99.53 69.17 79.25 to 95.47 69.17 79.25
95.47 69.49 79.25 to 99.53 69.49 79.25
99.53 69.80 79.25 to 95.47 69.80 79.25
95.47 70.11 79.25 to 99.53 70.11 79.25
99.53 70.43 79.25 to 95.47 70.43 79.25
95.47 70.74 79.25 to 99.53 70.74 79.25
99.53 71.05 79.25 to 95.47 71.05 79.25
95.47 71.36 79.25 to 99.53 71.36 79.25
95.47 60.72 79.5 to 99.53 60.72 79.5
99.53 61.04 79.5 to 95.47 61.04 79.5
95.47 61.35 79.5 to 99.53 61.35 79.5
99.53 61.66 79.5 to 95.47 61.66 79.5
95.47 61.97 79.5 to 99.53 61.97 79.5
99.53 62.29 79.5 to 95.47 62.29 79.5
95.47 62.60 79.5 to 99.53 62.60 79.5
99.53 62.91 79.5 to 95.47 62.91 79.5
95.47 63.23 79.5 to 99.53 63.23 79.5
99.53 63.54 79.5 to 95.47 63.54 79.5
95.47 63.85 79.5 to 99.53 63.85 79.5
99.53 64.17 79.5 to 95.47 64.17 79.5
95.47 64.48 79.5 to 99.53 64.48 79.5
99.53 64.79 79.5 to 95.47 64.79 79.5
95.47 65.10 79.5 to 99.53 65.10 79.5
99.53 65.42 79.5 to 95.47 65.42 79.5
95.47 65.73 79.5 to 99.53 65.73 79.5
99.53 66.04 79.5 to 95.47 66.04 79.5
95.47 66.36 79.5 to 99.53 66.36 79.5
99.53 66.67 79.5 to 95.47 66.67 79.5
95.47 66.98 79.5 to 99.53 66.98 79.5
99.53 67.30 79.5 to 95.47 67.30 79.5
95.47 67.61 79.5 to 99.53 67.61 79.5
99.53 67.92 79.5 to 95.47 67.92 79.5
95.47 68.23 79.5 to 99.53 68.23 79.5
99.53 68.55 79.5 to 95.47 68.55 79.5
95.47 68.86 79.5 to 99.53 68.86 79.5
99.53 69.17 79.5 to 95.47 69.17 79.5
95.47 69.49 79.5 to 99.53 69.49 79.5
99.53 69.80 79.5 to 95.47 69.80 79.5
95.47 70.11 79.5 to 99.53 70.11 79.5
99.53 70.43 79.5 to 95.47 70.43 79.5
95.47 70.74 79.5 to 99.53 70.74 79.5
99.53 71.05 79.5 to 95.47 71.05 79.5
95.47 71.36 79.5 to 99.53 71.36 79.5
95.47 60.72 79.75 to 99.53 60.72 79.75
99.53 61.04 79.75 to 95.47 61.04 79.75
95.47 61.35 79.75 to 99.53 61.35 79.75
99.53 61.66 79.75 to 95.47 61.66 79.75
95.47 61.97 79.75 to 99.53 61.97 79.75
99.53 62.29 79.75 to 95.47 62.29 79.75
95.47 62.60 79.75 to 99.53 62.60 79.75
99.53 62.91 79.75 to 95.47 62.91 79.75
95.47 63.23 79.75 to 99.53 63.23 79.75
99.53 63.54 79.75 to 95.47 63.54 79.75
95.47 63.85 79.75 to 99.53 63.85 79.75
99.53 64.17 79.75 to 95.47 64.17 79.75
95.47 64.48 79.75 to 99.53 64.48 79.75
99.53 64.79 79.75 to 95.47 64.79 79.75
95.47 65.10 79.75 to 99.53 65.10 79.75
99.53 65.42 79.75 to 95.47 65.42 79.75
95.47 65.73 79.75 to 99.53 65.73 79.75
99.53 66.04 79.75 to 95.47 66.04 79.75
95.47 66.36 79.75 to 99.53 66.36 79.75
99.53 66.67 79.75 to 95.47 66.67 79.75
95.47 66.98 79.75 to 99.53 66.98 79.75
99.53 67.30 79.75 to 95.47 67.30 79.75
95.47 67.61 79.75 to 99.53 67.61 79.75
99.53 67.92 79.75 to 95.47 67.92 79.75
95.47 68.23 79.75 to 99.53 68.23 79.75
99.53 68.55 79.75 to 95.47 68.55 79.75
95.47 68.86 79.75 to 99.53 68.86 79.75
99.53 69.17 79.75 to 95.47 69.17 79.75
95.47 69.49 79.75 to 99.53 69.49 79.75
99.53 69.80 79.75 to 95.47 69.80 79.75
95.47 70.11 79.75 to 99.53 70.11 79.75
99.53 70.43 79.75 to 95.47 70.43 79.75
95.47 70.74 79.75 to 99.53 70.74 79.75
99.53 71.05 79.75 to 95.47 71.05 79.75
95.47 71.36 79.75 to 99.53 71.36 79.75
95.78 60.72 80 to 99.85 60.72 80
99.85 61.04 80 to 95.78 61.04 80
95.78 61.35 80 to 99.85 61.35 80
99.85 61.66 80 to 95.78 61.66 80
95.78 61.97 80 to 99.85 61.97 80
99.85 62.29 80 to 95.78 62.29 80
95.78 62.60 80 to 99.85 62.60 80
99.85 62.91 80 to 95.78 62.91 80
95.78 63.23 80 to 99.85 63.23 80
99.85 63.54 80 to 95.78 63.54 80
95.78 63.85 80 to 99.85 63.85 80
99.85 64.17 80 to 95.78 64.17 80
95.78 64.48 80 to 99.85 64.48 80
99.85 64.79 80 to 95.78 64.79 80
95.78 65.10 80 to 99.85 65.10 80
99.85 65.42 80 to 95.78 65.42 80
95.78 65.73 80 to 99.85 65.73 80
99.85 66.04 80 to 95.78 66.04 80
95.78 66.36 80 to 99.85 66.36 80
99.85 66.67 80 to 95.78 66.67 80
95.78 66.98 80 to 99.85 66.98 80
99.85 67.30 80 to 95.78 67.30 80
95.78 67.61 80 to 99.85 67.61 80
99.85 67.92 80 to 95.78 67.92 80
95.78 68.23 80 to 99.85 68.23 80
99.85 68.55 80 to 95.78 68.55 80
95.78 68.86 80 to 99.85 68.86 80
99.85 69.17 80 to 95.78 69.17 80
95.78 69.49 80 to 99.85 69.49 80
99.85 69.80 80 to 95.78 69.80 80
95.78 70.11 80 to 99.85 70.11 80
99.85 70.43 80 to 95.78 70.43 80
95.78 70.74 80 to 99.85 70.74 80
99.85 71.05 80 to 95.78 71.05 80
95.78 71.36 80 to 99.85 71.36 80
95.78 60.72 80.25 to 99.85 60.72 80.25
99.85 61.04 80.25 to 95.78 61.04 80.25
95.78 61.35 80.25 to 99.85 61.35 80.25
99.85 61.66 80.25 to 95.78 61.66 80.25
95.78 61.97 80.25 to 99.85 61.97 80.25
99.85 62.29 80.25 to 95.78 62.29 80.25
95.78 62.60 80.25 to 99.85 62.60 80.25
99.85 62.91 80.25 to 95.78 62.91 80.25
95.78 63.23 80.25 to 99.85 63.23 80.25
99.85 63.54 80.25 to 95.78 63.54 80.25
95.78 63.85 80.25 to 99.85 63.85 80.25
99.85 64.17 80.25 to 95.78 64.17 80.25
95.78 64.48 80.25 to 99.85 64.48 80.25
99.85 64.79 80.25 to 95.78 64.79 80.25
95.78 65.10 80.25 to 99.85 65.10 80.25
99.85 65.42 80.25 to 95.78 65.42 80.25
95.78 65.73 80.25 to 99.85 65.73 80.25
99.85 66.04 80.25 to 95.78 66.04 80.25
95.78 66.36 80.25 to 99.85 66.36 80.25
99.85 66.67 80.25 to 95.78 66.67 80.25
95.78 66.98 80.25 to 99.85 66.98 80.25
99.85 67.30 80.25 to 95.78 67.30 80.25
95.78 67.61 80.25 to 99.85 67.61 80.25
99.85 67.92 80.25 to 95.78 67.92 80.25
95.78 68.23 80.25 to 99.85 68.23 80.25
99.85 68.55 80.25 to 95.78 68.55 80.25
95.78 68.86 80.25 to 99.85 68.86 80.25
99.85 69.17 80.25 to 95.78 69.17 80.25
95.78 69.49 80.25 to 99.85 69.49 80.25
99.85 69.80 80.25 to 95.78 69.80 80.25
95.78 70.11 80.25 to 99.85 70.11 80.25
99.85 70.43 80.25 to 95.78 70.43 80.25
95.78 70.74 80.25 to 99.85 70.74 80.25
99.85 71.05 80.25 to 95.78 71.05 80.25
95.78 71.36 80.25 to 99.85 71.36 80.25
95.78 60.72 80.5 to 99.85 60.72 80.5
99.85 61.04 80.5 to 95.78 61.04 80.5
95.78 61.35 80.5 to 99.85 61.35 80.5
99.85 61.66 80.5 to 95.78 61.66 80.5
95.78 61.97 80.5 to 99.85 61.97 80.5
99.85 62.29 80.5 to 95.78 62.29 80.5
95.78 62.60 80.5 to 99.85 62.60 80.5
99.85 62.91 80.5 to 95.78 62.91 80.5
95.78 63.23 80.5 to 99.85 63.23 80.5
99.85 63.54 80.5 to 95.78 63.54 80.5
95.78 63.85 80.5 to 99.85 63.85 80.5
99.85 64.17 80.5 to 95.78 64.17 80.5
95.78 64.48 80.5 to 99.85 64.48 80.5
99.85 64.79 80.5 to 95.78 64.79 80.5
95.78 65.10 80.5 to 99.85 65.10 80.5
99.85 65.42 80.5 to 95.78 65.42 80.5
95.78 65.73 80.5 to 99.85 65.73 80.5
99.85 66.04 80.5 to 95.78 66.04 80.5
95.78 66.36 80.5 to 99.85 66.36 80.5
99.85 66.67 80.5 to 95.78 66.67 80.5
95.78 66.98 80.5 to 99.85 66.98 80.5
99.85 67.30 80.5 to 95.78 67.30 80.5
95.78 67.61 80.5 to 99.85 67.61 80.5
99.85 67.92 80.5 to 95.78 67.92 80.5
95.78 68.23 80.5 to 99.85 68.23 80.5
99.85 68.55 80.5 to 95.78 68.55 80.5
95.78 68.86 80.5 to 99.85 68.86 80.5
99.85 69.17 80.5 to 95.78 69.17 80.5
95.78 69.49 80.5 to 99.85 69.49 80.5
99.85 69.80 80.5 to 95.78 69.80 80.5
95.78 70.11 80.5 to 99.85 70.11 80.5
99.85 70.43 80.5 to 95.78 70.43 80.5
95.78 70.74 80.5 to 99.85 70.74 80.5
99.85 71.05 80.5 to 95.78 71.05 80.5
95.78 71.36 80.5 to 99.85 71.36 80.5
95.78 60.72 80.75 to 99.85 60.72 80.75
99.85 61.04 80.75 to 95.78 61.04 80.75
95.78 61.35 80.75 to 99.85 61.35 80.75
99.85 61.66 80.75 to 95.78 61.66 80.75
95.78 61.97 80.75 to 99.85 61.97 80.75
99.85 62.29 80.75 to 95.78 62.29 80.75
95.78 62.60 80.75 to 99.85 62.60 80.75
99.85 62.91 80.75 to 95.78 62.91 80.75
95.78 63.23 80.75 to 99.85 63.23 80.75
99.85 63.54 80.75 to 95.78 63.54 80.75
95.78 63.85 80.75 to 99.85 63.85 80.75
99.85 64.17 80.75 to 95.78 64.17 80.75
95.78 64.48 80.75 to 99.85 64.48 80.75
99.85 64.79 80.75 to 95.78 64.79 80.75
95.78 65.10 80.75 to 99.85 65.10 80.75
99.85 65.42 80.75 to 95.78 65.42 80.75
95.78 65.73 80.75 to 99.85 65.73 80.75
99.85 66.04 80.75 to 95.78 66.04 80.75
95.78 66.36 80.75 to 99.85 66.36 80.75
99.85 66.67 80.75 to 95.78 66.67 80.75
95.78 66.98 80.75 to 99.85 66.98 80.75
99.85 67.30 80.75 to 95.78 67.30 80.75
95.78 67.61 80.75 to 99.85 67.61 80.75
99.85 67.92 80.75 to 95.78 67.92 80.75
95.78 68.23 80.75 to 99.85 68.23 80.75
99.85 68.55 80.75 to 95.78 68.55 80.75
95.78 68.86 80.75 to 99.85 68.86 80.75
99.85 69.17 80.75 to 95.78 69.17 80.75
95.78 69.49 80.75 to 99.85 69.49 80.75
99.85 69.80 80.75 to 95.78 69.80 80.75
95.78 70.11 80.75 to 99.85 70.11 80.75
99.85 70.43 80.75 to 95.78 70.43 80.75
95.78 70.74 80.75 to 99.85 70.74 80.75
99.85 71.05 80.75 to 95.78 71.05 80.75
95.78 71.36 80.75 to 99.85 71.36 80.75
95.78 60.72 81 to 99.85 60.72 81
99.85 61.04 81 to 95.78 61.04 81
95.78 61.35 81 to 99.85 61.35 81
99.85 61.66 81 to 95.78 61.66 81
95.78 61.97 81 to 99.85 61.97 81
99.85 62.29 81 to 95.78 62.29 81
95.78 62.60 81 to 99.85 62.60 81
99.85 62.91 81 to 95.78 62.91 81
95.78 63.23 81 to 99.85 63.23 81
99.85 63.54 81 to 95.78 63.54 81
95.78 63.85 81 to 99.85 63.85 81
99.85 64.17 81 to 95.78 64.17 81
95.78 64.48 81 to 99.85 64.48 81
99.85 64.79 81 to 95.78 64.79 81
95.78 65.10 81 to 99.85 65.10 81
99.85 65.42 81 to 95.78 65.42 81
95.78 65.73 81 to 99.85 65.73 81
99.85 66.04 81 to 95.78 66.04 81
95.78 66.36 81 to 99.85 66.36 81
99.85 66.67 81 to 95.78 66.67 81
95.78 66.98 81 to 99.85 66.98 81
99.85 67.30 81 to 95.78 67.30 81
95.78 67.61 81 to 99.85 67.61 81
99.85 67.92 81 to 95.78 67.92 81
95.78 68.23 81 to 99.85 68.23 81
99.85 68.55 81 to 95.78 68.55 81
95.78 68.86 81 to 99.85 68.86 81
99.85 69.17 81 to 95.78 69.17 81
95.78 69.49 81 to 99.85 69.49 81
99.85 69.80 81 to 95.78 69.80 81
95.78 70.11 81 to 99.85 70.11 81
99.85 70.43 81 to 95.78 70.43 81
95.78 70.74 81 to 99.85 70.74 81
99.85 71.05 81 to 95.78 71.05 81
95.78 71.36 81 to 99.85 71.36 81
95.78 60.72 81.25 to 99.85 60.72 81.25
99.85 61.04 81.25 to 95.78 61.04 81.25
95.78 61.35 81.25 to 99.85 61.35 81.25
99.85 61.66 81.25 to 95.78 61.66 81.25
95.78 61.97 81.25 to 99.85 61.97 81.25
99.85 62.29 81.25 to 95.78 62.29 81.25
95.78 62.60 81.25 to 99.85 62.60 81.25
99.85 62.91 81.25 to 95.78 62.91 81.25
95.78 63.23 81.25 to 99.85 63.23 81.25
99.85 63.54 81.25 to 95.78 63.54 81.25
95.78 63.85 81.25 to 99.85 63.85 81.25
99.85 64.17 81.25 to 95.78 64.17 81.25
95.78 64.48 81.25 to 99.85 64.48 81.25
99.85 64.79 81.25 to 95.78 64.79 81.25
95.78 65.10 81.25 to 99.85 65.10 81.25
99.85 65.42 81.25 to 95.78 65.42 81.25
95.78 65.73 81.25 to 99.85 65.73 81.25
99.85 66.04 81.25 to 95.78 66.04 81.25
95.78 66.36 81.25 to 99.85 66.36 81.25
99.85 66.67 81.25 to 95.78 66.67 81.25
95.78 66.98 81.25 to 99.85 66.98 81.25
99.85 67.30 81.25 to 95.78 67.30 81.25
95.78 67.61 81.25 to 99.85 67.61 81.25
99.85 67.92 81.25 to 95.78 67.92 81.25
95.78 68.23 81.25 to 99.85 68.23 81.25
99.85 68.55 81.25 to 95.78 68.55 81.25
95.78 68.86 81.25 to 99.85 68.86 81.25
99.85 69.17 81.25 to 95.78 69.17 81.25
95.78 69.49 81.25 to 99.85 69.49 81.25
99.85 69.80 81.25 to 95.78 69.80 81.25
95.78 70.11 81.25 to 99.85 70.11 81.25
99.85 70.43 81.25 to 95.78 70.43 81.25
95.78 70.74 81.25 to 99.85 70.74 81.25
99.85 71.05 81.25 to 95.78 71.05 81.25
95.78 71.36 81.25 to 99.85 71.36 81.25
95.78 60.72 81.5 to 99.85 60.72 81.5
99.85 61.04 81.5 to 95.78 61.04 81.5
95.78 61.35 81.5 to 99.85 61.35 81.5
99.85 61.66 81.5 to 95.78 61.66 81.5
95.78 61.97 81.5 to 99.85 61.97 81.5
99.85 62.29 81.5 to 95.78 62.29 81.5
95.78 62.60 81.5 to 99.85 62.60 81.5
99.85 62.91 81.5 to 95.78 62.91 81.5
95.78 63.23 81.5 to 99.85 63.23 81.5
99.85 63.54 81.5 to 95.78 63.54 81.5
95.78 63.85 81.5 to 99.85 63.85 81.5
99.85 64.17 81.5 to 95.78 64.17 81.5
95.78 64.48 81.5 to 99.85 64.48 81.5
99.85 64.79 81.5 to 95.78 64.79 81.5
95.78 65.10 81.5 to 99.85 65.10 81.5
99.85 65.42 81.5 to 95.78 65.42 81.5
95.78 65.73 81.5 to 99.85 65.73 81.5
99.85 66.04 81.5 to 95.78 66.04 81.5
95.78 66.36 81.5 to 99.85 66.36 81.5
99.85 66.67 81.5 to 95.78 66.67 81.5
95.78 66.98 81.5 to 99.85 66.98 81.5
99.85 67.30 81.5 to 95.78 67.30 81.5
95.78 67.61 81.5 to 99.85 67.61 81.5
99.85 67.92 81.5 to 95.78 67.92 81.5
95.78 68.23 81.5 to 99.85 68.23 81.5
99.85 68.55 81.5 to 95.78 68.55 81.5
95.78 68.86 81.5 to 99.85 68.86 81.5
99.85 69.17 81.5 to 95.78 69.17 81.5
95.78 69.49 81.5 to 99.85 69.49 81.5
99.85 69.80 81.5 to 95.78 69.80 81.5
95.78 70.11 81.5 to 99.85 70.11 81.5
99.85 70.43 81.5 to 95.78 70.43 81.5
95.78 70.74 81.5 to 99.85 70.74 81.5
99.85 71.05 81.5 to 95.78 71.05 81.5
95.78 71.36 81.5 to 99.85 71.36 81.5
95.78 60.72 81.75 to 99.85 60.72 81.75
99.85 61.04 81.75 to 95.78 61.04 81.75
95.78 61.35 81.75 to 99.85 61.35 81.75
99.85 61.66 81.75 to 95.78 61.66 81.75
95.78 61.97 81.75 to 99.85 61.97 81.75
99.85 62.29 81.75 to 95.78 62.29 81.75
95.78 62.60 81.75 to 99.85 62.60 81.75
99.85 62.91 81.75 to 95.78 62.91 81.75
95.78 63.23 81.75 to 99.85 63.23 81.75
99.85 63.54 81.75 to 95.78 63.54 81.75
95.78 63.85 81.75 to 99.85 63.85 81.75
99.85 64.17 81.75 to 95.78 64.17 81.75
95.78 64.48 81.75 to 99.85 64.48 81.75
99.85 64.79 81.75 to 95.78 64.79 81.75
95.78 65.10 81.75 to 99.85 65.10 81.75
99.85 65.42 81.75 to 95.78 65.42 81.75
95.78 65.73 81.75 to 99.85 65.73 81.75
99.85 66.04 81.75 to 95.78 66.04 81.75
95.78 66.36 81.75 to 99.85 66.36 81.75
99.85 66.67 81.75 to 95.78 66.67 81.75
95.78 66.98 81.75 to 99.85 66.98 81.75
99.85 67.30 81.75 to 95.78 67.30 81.75
95.78 67.61 81.75 to 99.85 67.61 81.75
99.85 67.92 81.75 to 95.78 67.92 81.75
95.78 68.23 81.75 to 99.85 68.23 81.75
99.85 68.55 81.75 to 95.78 68.55 81.75
95.78 68.86 81.75 to 99.85 68.86 81.75
99.85 69.17 81.75 to 95.78 69.17 81.75
95.78 69.49 81.75 to 99.85 69.49 81.75
99.85 69.80 81.75 to 95.78 69.80 81.75
95.78 70.11 81.75 to 99.85 70.11 81.75
99.85 70.43 81.75 to 95.78 70.43 81.75
95.78 70.74 81.75 to 99.85 70.74 81.75
99.85 71.05 81.75 to 95.78 71.05 81.75
95.78 71.36 81.75 to 99.85 71.36 81.75
95.78 60.72 82 to 99.85 60.72 82
99.85 61.04 82 to 95.78 61.04 82
95.78 61.35 82 to 99.85 61.35 82
99.85 61.66 82 to 95.78 61.66 82
95.78 61.97 82 to 99.85 61.97 82
99.85 62.29 82 to 95.78 62.29 82
95.78 62.60 82 to 99.85 62.60 82
99.85 62.91 82 to 95.78 62.91 82
95.78 63.23 82 to 99.85 63.23 82
99.85 63.54 82 to 95.78 63.54 82
95.78 63.85 82 to 99.85 63.85 82
99.85 64.17 82 to 95.78 64.17 82
95.78 64.48 82 to 99.85 64.48 82
99.85 64.79 82 to 95.78 64.79 82
95.78 65.10 82 to 99.85 65.10 82
99.85 65.42 82 to 95.78 65.42 82
95.78 65.73 82 to 99.85 65.73 82
99.85 66.04 82 to 95.78 66.04 82
95.78 66.36 82 to 99.85 66.36 82
99.85 66.67 82 to 95.78 66.67 82
95.78 66.98 82 to 99.85 66.98 82
99.85 67.30 82 to 95.78 67.30 82
95.78 67.61 82 to 99.85 67.61 82
99.85 67.92 82 to 95.78 67.92 82
95.78 68.23 82 to 99.85 68.23 82
99.85 68.55 82 to 95.78 68.55 82
95.78 68.86 82 to 99.85 68.86 82
99.85 69.17 82 to 95.78 69.17 82
95.78 69.49 82 to 99.85 69.49 82
99.85 69.80 82 to 95.78 69.80 82
95.78 70.11 82 to 99.85 70.11 82
99.85 70.43 82 to 95.78 70.43 82
95.78 70.74 82 to 99.85 70.74 82
99.85 71.05 82 to 95.78 71.05 82
95.78 71.36 82 to 99.85 71.36 82
95.78 60.72 82.25 to 99.85 60.72 82.25
99.85 61.04 82.25 to 95.78 61.04 82.25
95.78 61.35 82.25 to 99.85 61.35 82.25
99.85 61.66 82.25 to 95.78 61.66 82.25
95.78 61.97 82.25 to 99.85 61.97 82.25
99.85 62.29 82.25 to 95.78 62.29 82.25
95.78 62.60 82.25 to 99.85 62.60 82.25
99.85 62.91 82.25 to 95.78 62.91 82.25
95.78 63.23 82.25 to 99.85 63.23 82.25
99.85 63.54 82.25 to 95.78 63.54 82.25
95.78 63.85 82.25 to 99.85 63.85 82.25
99.85 64.17 82.25 to 95.78 64.17 82.25
95.78 64.48 82.25 to 99.85 64.48 82.25
99.85 64.79 82.25 to 95.78 64.79 82.25
95.78 65.10 82.25 to 99.85 65.10 82.25
99.85 65.42 82.25 to 95.78 65.42 82.25
95.78 65.73 82.25 to 99.85 65.73 82.25
99.85 66.04 82.25 to 95.78 66.04 82.25
95.78 66.36 82.25 to 99.85 66.36 82.25
99.85 66.67 82.25 to 95.78 66.67 82.25
95.78 66.98 82.25 to 99.85 66.98 82.25
99.85 67.30 82.25 to 95.78 67.30 82.25
95.78 67.61 82.25 to 99.85 67.61 82.25
99.85 67.92 82.25 to 95.78 67.92 82.25
95.78 68.23 82.25 to 99.85 68.23 82.25
99.85 68.55 82.25 to 95.78 68.55 82.25
95.78 68.86 82.25 to 99.85 68.86 82.25
99.85 69.17 82.25 to 95.78 69.17 82.25
95.78 69.49 82.25 to 99.85 69.49 82.25
99.85 69.80 82.25 to 95.78 69.80 82.25
95.78 70.11 82.25 to 99.85 70.11 82.25
99.85 70.43 82.25 to 95.78 70.43 82.25
95.78 70.74 82.25 to 99.85 70.74 82.25
99.85 71.05 82.25 to 95.78 71.05 82.25
95.78 71.36 82.25 to 99.85 71.36 82.25
95.78 60.72 82.5 to 99.85 60.72 82.5
99.85 61.04 82.5 to 95.78 61.04 82.5
95.78 61.35 82.5 to 99.85 61.35 82.5
99.85 61.66 82.5 to 95.78 61.66 82.5
95.78 61.97 82.5 to 99.85 61.97 82.5
99.85 62.29 82.5 to 95.78 62.29 82.5
95.78 62.60 82.5 to 99.85 62.60 82.5
99.85 62.91 82.5 to 95.78 62.91 82.5
95.78 63.23 82.5 to 99.85 63.23 82.5
99.85 63.54 82.5 to 95.78 63.54 82.5
95.78 63.85 82.5 to 99.85 63.85 82.5
99.85 64.17 82.5 to 95.78 64.17 82.5
95.78 64.48 82.5 to 99.85 64.48 82.5
99.85 64.79 82.5 to 95.78 64.79 82.5
95.78 65.10 82.5 to 99.85 65.10 82.5
99.85 65.42 82.5 to 95.78 65.42 82.5
95.78 65.73 82.5 to 99.85 65.73 82.5
99.85 66.04 82.5 to 95.78 66.04 82.5
95.78 66.36 82.5 to 99.85 66.36 82.5
99.85 66.67 82.5 to 95.78 66.67 82.5
95.78 66.98 82.5 to 99.85 66.98 82.5
99.85 67.30 82.5 to 95.78 67.30 82.5
95.78 67.61 82.5 to 99.85 67.61 82.5
99.85 67.92 82.5 to 95.78 67.92 82.5
95.78 68.23 82.5 to 99.85 68.23 82.5
99.85 68.55 82.5 to 95.78 68.55 82.5
95.78 68.86 82.5 to 99.85 68.86 82.5
99.85 69.17 82.5 to 95.78 69.17 82.5
95.78 69.49 82.5 to 99.85 69.49 82.5
99.85 69.80 82.5 to 95.78 69.80 82.5
95.78 70.11 82.5 to 99.85 70.11 82.5
99.85 70.43 82.5 to 95.78 70.43 82.5
95.78 70.74 82.5 to 99.85 70.74 82.5
99.85 71.05 82.5 to 95.78 71.05 82.5
95.78 71.36 82.5 to 99.85 71.36 82.5
95.78 60.72 82.75 to 99.85 60.72 82.75
99.85 61.04 82.75 to 95.78 61.04 82.75
95.78 61.35 82.75 to 99.85 61.35 82.75
99.85 61.66 82.75 to 95.78 61.66 82.75
95.78 61.97 82.75 to 99.85 61.97 82.75
99.85 62.29 82.75 to 95.78 62.29 82.75
95.78 62.60 82.75 to 99.85 62.60 82.75
99.85 62.91 82.75 to 95.78 62.91 82.75
95.78 63.23 82.75 to 99.85 63.23 82.75
99.85 63.54 82.75 to 95.78 63.54 82.75
95.78 63.85 82.75 to 99.85 63.85 82.75
99.85 64.17 82.75 to 95.78 64.17 82.75
95.78 64.48 82.75 to 99.85 64.48 82.75
99.85 64.79 82.75 to 95.78 64.79 82.75
95.78 65.10 82.75 to 99.85 65.10 82.75
99.85 65.42 82.75 to 95.78 65.42 82.75
95.78 65.73 82.75 to 99.85 65.73 82.75
99.85 66.04 82.75 to 95.78 66.04 82.75
95.78 66.36 82.75 to 99.85 66.36 82.75
99.85 66.67 82.75 to 95.78 66.67 82.75
95.78 66.98 82.75 to 99.85 66.98 82.75
99.85 67.30 82.75 to 95.78 67.30 82.75
95.78 67.61 82.75 to 99.85 67.61 82.75
99.85 67.92 82.75 to 95.78 67.92 82.75
95.78 68.23 82.75 to 99.85 68.23 82.75
99.85 68.55 82.75 to 95.78 68.55 82.75
95.78 68.86 82.75 to 99.85 68.86 82.75
99.85 69.17 82.75 to 95.78 69.17 82.75
95.78 69.49 82.75 to 99.85 69.49 82.75
99.85 69.80 82.75 to 95.78 69.80 82.75
95.78 70.11 82.75 to 99.85 70.11 82.75
99.85 70.43 82.75 to 95.78 70.43 82.75
95.78 70.74 82.75 to 99.85 70.74 82.75
99.85 71.05 82.75 to 95.78 71.05 82.75
95.78 71.36 82.75 to 99.85 71.36 82.75
95.78 60.72 83 to 99.85 60.72 83
99.85 61.04 83 to 95.78 61.04 83
95.78 61.35 83 to 99.85 61.35 83
99.85 61.66 83 to 95.78 61.66 83
95.78 61.97 83 to 99.85 61.97 83
99.85 62.29 83 to 95.78 62.29 83
95.78 62.60 83 to 99.85 62.60 83
99.85 62.91 83 to 95.78 62.91 83
95.78 63.23 83 to 99.85 63.23 83
99.85 63.54 83 to 95.78 63.54 83
95.78 63.85 83 to 99.85 63.85 83
99.85 64.17 83 to 95.78 64.17 83
95.78 64.48 83 to 99.85 64.48 83
99.85 64.79 83 to 95.78 64.79 83
95.78 65.10 83 to 99.85 65.10 83
99.85 65.42 83 to 95.78 65.42 83
95.78 65.73 83 to 99.85 65.73 83
99.85 66.04 83 to 95.78 66.04 83
95.78 66.36 83 to 99.85 66.36 83
99.85 66.67 83 to 95.78 66.67 83
95.78 66.98 83 to 99.85 66.98 83
99.85 67.30 83 to 95.78 67.30 83
95.78 67.61 83 to 99.85 67.61 83
99.85 67.92 83 to 95.78 67.92 83
95.78 68.23 83 to 99.85 68.23 83
99.85 68.55 83 to 95.78 68.55 83
95.78 68.86 83 to 99.85 68.86 83
99.85 69.17 83 to 95.78 69.17 83
95.78 69.49 83 to 99.85 69.49 83
99.85 69.80 83 to 95.78 69.80 83
95.78 70.11 83 to 99.85 70.11 83
99.85 70.43 83 to 95.78 70.43 83
95.78 70.74 83 to 99.85 70.74 83
99.85 71.05 83 to 95.78 71.05 83
95.78 71.36 83 to 99.85 71.36 83
95.78 60.72 83.25 to 99.85 60.72 83.25
99.85 61.04 83.25 to 95.78 61.04 83.25
95.78 61.35 83.25 to 99.85 61.35 83.25
99.85 61.66 83.25 to 95.78 61.66 83.25
95.78 61.97 83.25 to 99.85 61.97 83.25
99.85 62.29 83.25 to 95.78 62.29 83.25
95.78 62.60 83.25 to 99.85 62.60 83.25
99.85 62.91 83.25 to 95.78 62.91 83.25
95.78 63.23 83.25 to 99.85 63.23 83.25
99.85 63.54 83.25 to 95.78 63.54 83.25
95.78 63.85 83.25 to 99.85 63.85 83.25
99.85 64.17 83.25 to 95.78 64.17 83.25
95.78 64.48 83.25 to 99.85 64.48 83.25
99.85 64.79 83.25 to 95.78 64.79 83.25
95.78 65.10 83.25 to 99.85 65.10 83.25
99.85 65.42 83.25 to 95.78 65.42 83.25
95.78 65.73 83.25 to 99.85 65.73 83.25
99.85 66.04 83.25 to 95.78 66.04 83.25
95.78 66.36 83.25 to 99.85 66.36 83.25
99.85 66.67 83.25 to 95.78 66.67 83.25
95.78 66.98 83.25 to 99.85 66.98 83.25
99.85 67.30 83.25 to 95.78 67.30 83.25
95.78 67.61 83.25 to 99.85 67.61 83.25
99.85 67.92 83.25 to 95.78 67.92 83.25
95.78 68.23 83.25 to 99.85 68.23 83.25
99.85 68.55 83.25 to 95.78 68.55 83.25
95.78 68.86 83.25 to 99.85 68.86 83.25
99.85 69.17 83.25 to 95.78 69.17 83.25
95.78 69.49 83.25 to 99.85 69.49 83.25
99.85 69.80 83.25 to 95.78 69.80 83.25
95.78 70.11 83.25 to 99.85 70.11 83.25
99.85 70.43 83.25 to 95.78 70.43 83.25
95.78 70.74 83.25 to 99.85 70.74 83.25
99.85 71.05 83.25 to 95.78 71.05 83.25
95.78 71.36 83.25 to 99.85 71.36 83.25
95.78 60.72 83.5 to 99.85 60.72 83.5
99.85 61.04 83.5 to 95.78 61.04 83.5
95.78 61.35 83.5 to 99.85 61.35 83.5
99.85 61.66 83.5 to 95.78 61.66 83.5
95.78 61.97 83.5 to 99.85 61.97 83.5
99.85 62.29 83.5 to 95.78 62.29 83.5
95.78 62.60 83.5 to 99.85 62.60 83.5
99.85 62.91 83.5 to 95.78 62.91 83.5
95.78 63.23 83.5 to 99.85 63.23 83.5
99.85 63.54 83.5 to 95.78 63.54 83.5
95.78 63.85 83.5 to 99.85 63.85 83.5
99.85 64.17 83.5 to 95.78 64.17 83.5
95.78 64.48 83.5 to 99.85 64.48 83.5
99.85 64.79 83.5 to 95.78 64.79 83.5
95.78 65.10 83.5 to 99.85 65.10 83.5
99.85 65.42 83.5 to 95.78 65.42 83.5
95.78 65.73 83.5 to 99.85 65.73 83.5
99.85 66.04 83.5 to 95.78 66.04 83.5
95.78 66.36 83.5 to 99.85 66.36 83.5
99.85 66.67 83.5 to 95.78 66.67 83.5
95.78 66.98 83.5 to 99.85 66.98 83.5
99.85 67.30 83.5 to 95.78 67.30 83.5
95.78 67.61 83.5 to 99.85 67.61 83.5
99.85 67.92 83.5 to 95.78 67.92 83.5
95.78 68.23 83.5 to 99.85 68.23 83.5
99.85 68.55 83.5 to 95.78 68.55 83.5
95.78 68.86 83.5 to 99.85 68.86 83.5
99.85 69.17 83.5 to 95.78 69.17 83.5
95.78 69.49 83.5 to 99.85 69.49 83.5
99.85 69.80 83.5 to 95.78 69.80 83.5
95.78 70.11 83.5 to 99.85 70.11 83.5
99.85 70.43 83.5 to 95.78 70.43 83.5
95.78 70.74 83.5 to 99.85 70.74 83.5
99.85 71.05 83.5 to 95.78 71.05 83.5
95.78 71.36 83.5 to 99.85 71.36 83.5
95.78 60.72 83.75 to 99.85 60.72 83.75
99.85 61.04 83.75 to 95.78 61.04 83.75
95.78 61.35 83.75 to 99.85 61.35 83.75
99.85 61.66 83.75 to 95.78 61.66 83.75
95.78 61.97 83.75 to 99.85 61.97 83.75
99.85 62.29 83.75 to 95.78 62.29 83.75
95.78 62.60 83.75 to 99.85 62.60 83.75
99.85 62.91 83.75 to 95.78 62.91 83.75
95.78 63.23 83.75 to 99.85 63.23 83.75
99.85 63.54 83.75 to 95.78 63.54 83.75
95.78 63.85 83.75 to 99.85 63.85 83.75
99.85 64.17 83.75 to 95.78 64.17 83.75
95.78 64.48 83.75 to 99.85 64.48 83.75
99.85 64.79 83.75 to 95.78 64.79 83.75
95.78 65.10 83.75 to 99.85 65.10 83.75
99.85 65.42 83.75 to 95.78 65.42 83.75
95.78 65.73 83.75 to 99.85 65.73 83.75
99.85 66.04 83.75 to 95.78 66.04 83.75
95.78 66.36 83.75 to 99.85 66.36 83.75
99.85 66.67 83.75 to 95.78 66.67 83.75
95.78 66.98 83.75 to 99.85 66.98 83.75
99.85 67.30 83.75 to 95.78 67.30 83.75
95.78 67.61 83.75 to 99.85 67.61 83.75
99.85 67.92 83.75 to 95.78 67.92 83.75
95.78 68.23 83.75 to 99.85 68.23 83.75
99.85 68.55 83.75 to 95.78 68.55 83.75
95.78 68.86 83.75 to 99.85 68.86 83.75
99.85 69.17 83.75 to 95.78 69.17 83.75
95.78 69.49 83.75 to 99.85 69.49 83.75
99.85 69.80 83.75 to 95.78 69.80 83.75
95.78 70.11 83.75 to 99.85 70.11 83.75
99.85 70.43 83.75 to 95.78 70.43 83.75
95.78 70.74 83.75 to 99.85 70.74 83.75
99.85 71.05 83.75 to 95.78 71.05 83.75
95.78 71.36 83.75 to 99.85 71.36 83.75
95.78 60.72 84 to 99.85 60.72 84
99.85 61.04 84 to 95.78 61.04 84
95.78 61.35 84 to 99.85 61.35 84
99.85 61.66 84 to 95.78 61.66 84
95.78 61.97 84 to 99.85 61.97 84
99.85 62.29 84 to 95.78 62.29 84
95.78 62.60 84 to 99.85 62.60 84
99.85 62.91 84 to 95.78 62.91 84
95.78 63.23 84 to 99.85 63.23 84
99.85 63.54 84 to 95.78 63.54 84
95.78 63.85 84 to 99.85 63.85 84
99.85 64.17 84 to 95.78 64.17 84
95.78 64.48 84 to 99.85 64.48 84
99.85 64.79 84 to 95.78 64.79 84
95.78 65.10 84 to 99.85 65.10 84
99.85 65.42 84 to 95.78 65.42 84
95.78 65.73 84 to 99.85 65.73 84
99.85 66.04 84 to 95.78 66.04 84
95.78 66.36 84 to 99.85 66.36 84
99.85 66.67 84 to 95.78 66.67 84
95.78 66.98 84 to 99.85 66.98 84
99.85 67.30 84 to 95.78 67.30 84
95.78 67.61 84 to 99.85 67.61 84
99.85 67.92 84 to 95.78 67.92 84
95.78 68.23 84 to 99.85 68.23 84
99.85 68.55 84 to 95.78 68.55 84
95.78 68.86 84 to 99.85 68.86 84
99.85 69.17 84 to 95.78 69.17 84
95.78 69.49 84 to 99.85 69.49 84
99.85 69.80 84 to 95.78 69.80 84
95.78 70.11 84 to 99.85 70.11 84
99.85 70.43 84 to 95.78 70.43 84
95.78 70.74 84 to 99.85 70.74 84
99.85 71.05 84 to 95.78 71.05 84
95.78 71.36 84 to 99.85 71.36 84
95.78 60.72 84.25 to 99.85 60.72 84.25
99.85 61.04 84.25 to 95.78 61.04 84.25
95.78 61.35 84.25 to 99.85 61.35 84.25
99.85 61.66 84.25 to 95.78 61.66 84.25
95.78 61.97 84.25 to 99.85 61.97 84.25
99.85 62.29 84.25 to 95.78 62.29 84.25
95.78 62.60 84.25 to 99.85 62.60 84.25
99.85 62.91 84.25 to 95.78 62.91 84.25
95.78 63.23 84.25 to 99.85 63.23 84.25
99.85 63.54 84.25 to 95.78 63.54 84.25
95.78 63.85 84.25 to 99.85 63.85 84.25
99.85 64.17 84.25 to 95.78 64.17 84.25
95.78 64.48 84.25 to 99.85 64.48 84.25
99.85 64.79 84.25 to 95.78 64.79 84.25
95.78 65.10 84.25 to 99.85 65.10 84.25
99.85 65.42 84.25 to 95.78 65.42 84.25
95.78 65.73 84.25 to 99.85 65.73 84.25
99.85 66.04 84.25 to 95.78 66.04 84.25
95.78 66.36 84.25 to 99.85 66.36 84.25
99.85 66.67 84.25 to 95.78 66.67 84.25
95.78 66.98 84.25 to 99.85 66.98 84.25
99.85 67.30 84.25 to 95.78 67.30 84.25
95.78 67.61 84.25 to 99.85 67.61 84.25
99.85 67.92 84.25 to 95.78 67.92 84.25
95.78 68.23 84.25 to 99.85 68.23 84.25
99.85 68.55 84.25 to 95.78 68.55 84.25
95.78 68.86 84.25 to 99.85 68.86 84.25
99.85 69.17 84.25 to 95.78 69.17 84.25
95.78 69.49 84.25 to 99.85 69.49 84.25
99.85 69.80 84.25 to 95.78 69.80 84.25
95.78 70.11 84.25 to 99.85 70.11 84.25
99.85 70.43 84.25 to 95.78 70.43 84.25
95.78 70.74 84.25 to 99.85 70.74 84.25
99.85 71.05 84.25 to 95.78 71.05 84.25
95.78 71.36 84.25 to 99.85 71.36 84.25
95.78 60.72 84.5 to 99.85 60.72 84.5
99.85 61.04 84.5 to 95.78 61.04 84.5
95.78 61.35 84.5 to 99.85 61.35 84.5
99.85 61.66 84.5 to 95.78 61.66 84.5
95.78 61.97 84.5 to 99.85 61.97 84.5
99.85 62.29 84.5 to 95.78 62.29 84.5
95.78 62.60 84.5 to 99.85 62.60 84.5
99.85 62.91 84.5 to 95.78 62.91 84.5
95.78 63.23 84.5 to 99.85 63.23 84.5
99.85 63.54 84.5 to 95.78 63.54 84.5
95.78 63.85 84.5 to 99.85 63.85 84.5
99.85 64.17 84.5 to 95.78 64.17 84.5
95.78 64.48 84.5 to 99.85 64.48 84.5
99.85 64.79 84.5 to 95.78 64.79 84.5
95.78 65.10 84.5 to 99.85 65.10 84.5
99.85 65.42 84.5 to 95.78 65.42 84.5
95.78 65.73 84.5 to 99.85 65.73 84.5
99.85 66.04 84.5 to 95.78 66.04 84.5
95.78 66.36 84.5 to 99.85 66.36 84.5
99.85 66.67 84.5 to 95.78 66.67 84.5
95.78 66.98 84.5 to 99.85 66.98 84.5
99.85 67.30 84.5 to 95.78 67.30 84.5
95.78 67.61 84.5 to 99.85 67.61 84.5
99.85 67.92 84.5 to 95.78 67.92 84.5
95.78 68.23 84.5 to 99.85 68.23 84.5
99.85 68.55 84.5 to 95.78 68.55 84.5
95.78 68.86 84.5 to 99.85 68.86 84.5
99.85 69.17 84.5 to 95.78 69.17 84.5
95.78 69.49 84.5 to 99.85 69.49 84.5
99.85 69.80 84.5 to 95.78 69.80 84.5
95.78 70.11 84.5 to 99.85 70.11 84.5
99.85 70.43 84.5 to 95.78 70.43 84.5
95.78 70.74 84.5 to 99.85 70.74 84.5
99.85 71.05 84.5 to 95.78 71.05 84.5
95.78 71.36 84.5 to 99.85 71.36 84.5
95.78 60.72 84.75 to 99.85 60.72 84.75
99.85 61.04 84.75 to 95.78 61.04 84.75
95.78 61.35 84.75 to 99.85 61.35 84.75
99.85 61.66 84.75 to 95.78 61.66 84.75
95.78 61.97 84.75 to 99.85 61.97 84.75
99.85 62.29 84.75 to 95.78 62.29 84.75
95.78 62.60 84.75 to 99.85 62.60 84.75
99.85 62.91 84.75 to 95.78 62.91 84.75
95.78 63.23 84.75 to 99.85 63.23 84.75
99.85 63.54 84.75 to 95.78 63.54 84.75
95.78 63.85 84.75 to 99.85 63.85 84.75
99.85 64.17 84.75 to 95.78 64.17 84.75
95.78 64.48 84.75 to 99.85 64.48 84.75
99.85 64.79 84.75 to 95.78 64.79 84.75
95.78 65.10 84.75 to 99.85 65.10 84.75
99.85 65.42 84.75 to 95.78 65.42 84.75
95.78 65.73 84.75 to 99.85 65.73 84.75
99.85 66.04 84.75 to 95.78 66.04 84.75
95.78 66.36 84.75 to 99.85 66.36 84.75
99.85 66.67 84.75 to 95.78 66.67 84.75
95.78 66.98 84.75 to 99.85 66.98 84.75
99.85 67.30 84.75 to 95.78 67.30 84.75
95.78 67.61 84.75 to 99.85 67.61 84.75
99.85 67.92 84.75 to 95.78 67.92 84.75
95.78 68.23 84.75 to 99.85 68.23 84.75
99.85 68.55 84.75 to 95.78 68.55 84.75
95.78 68.86 84.75 to 99.85 68.86 84.75
99.85 69.17 84.75 to 95.78 69.17 84.75
95.78 69.49 84.75 to 99.85 69.49 84.75
99.85 69.80 84.75 to 95.78 69.80 84.75
95.78 70.11 84.75 to 99.85 70.11 84.75
99.85 70.43 84.75 to 95.78 70.43 84.75
95.78 70.74 84.75 to 99.85 70.74 84.75
99.85 71.05 84.75 to 95.78 71.05 84.75
95.78 71.36 84.75 to 99.85 71.36 84.75
95.78 60.72 85 to 99.85 60.72 85
99.85 61.04 85 to 95.78 61.04 85
95.78 61.35 85 to 99.85 61.35 85
99.85 61.66 85 to 95.78 61.66 85
95.78 61.97 85 to 99.85 61.97 85
99.85 62.29 85 to 95.78 62.29 85
95.78 62.60 85 to 99.85 62.60 85
99.85 62.91 85 to 95.78 62.91 85
95.78 63.23 85 to 99.85 63.23 85
99.85 63.54 85 to 95.78 63.54 85
95.78 63.85 85 to 99.85 63.85 85
99.85 64.17 85 to 95.78 64.17 85
95.78 64.48 85 to 99.85 64.48 85
99.85 64.79 85 to 95.78 64.79 85
95.78 65.10 85 to 99.85 65.10 85
99.85 65.42 85 to 95.78 65.42 85
95.78 65.73 85 to 99.85 65.73 85
99.85 66.04 85 to 95.78 66.04 85
95.78 66.36 85 to 99.85 66.36 85
99.85 66.67 85 to 95.78 66.67 85
95.78 66.98 85 to 99.85 66.98 85
99.85 67.30 85 to 95.78 67.30 85
95.78 67.61 85 to 99.85 67.61 85
99.85 67.92 85 to 95.78 67.92 85
95.78 68.23 85 to 99.85 68.23 85
99.85 68.55 85 to 95.78 68.55 85
95.78 68.86 85 to 99.85 68.86 85
99.85 69.17 85 to 95.78 69.17 85
95.78 69.49 85 to 99.85 69.49 85
99.85 69.80 85 to 95.78 69.80 85
95.78 70.11 85 to 99.85 70.11 85
99.85 70.43 85 to 95.78 70.43 85
95.78 70.74 85 to 99.85 70.74 85
99.85 71.05 85 to 95.78 71.05 85
95.78 71.36 85 to 99.85 71.36 85
95.78 60.72 85.25 to 99.85 60.72 85.25
99.85 61.04 85.25 to 95.78 61.04 85.25
95.78 61.35 85.25 to 99.85 61.35 85.25
99.85 61.66 85.25 to 95.78 61.66 85.25
95.78 61.97 85.25 to 99.85 61.97 85.25
99.85 62.29 85.25 to 95.78 62.29 85.25
95.78 62.60 85.25 to 99.85 62.60 85.25
99.85 62.91 85.25 to 95.78 62.91 85.25
95.78 63.23 85.25 to 99.85 63.23 85.25
99.85 63.54 85.25 to 95.78 63.54 85.25
95.78 63.85 85.25 to 99.85 63.85 85.25
99.85 64.17 85.25 to 95.78 64.17 85.25
95.78 64.48 85.25 to 99.85 64.48 85.25
99.85 64.79 85.25 to 95.78 64.79 85.25
95.78 65.10 85.25 to 99.85 65.10 85.25
99.85 65.42 85.25 to 95.78 65.42 85.25
95.78 65.73 85.25 to 99.85 65.73 85.25
99.85 66.04 85.25 to 95.78 66.04 85.25
95.78 66.36 85.25 to 99.85 66.36 85.25
99.85 66.67 85.25 to 95.78 66.67 85.25
95.78 66.98 85.25 to 99.85 66.98 85.25
99.85 67.30 85.25 to 95.78 67.30 85.25
95.78 67.61 85.25 to 99.85 67.61 85.25
99.85 67.92 85.25 to 95.78 67.92 85.25
95.78 68.23 85.25 to 99.85 68.23 85.25
99.85 68.55 85.25 to 95.78 68.55 85.25
95.78 68.86 85.25 to 99.85 68.86 85.25
99.85 69.17 85.25 to 95.78 69.17 85.25
95.78 69.49 85.25 to 99.85 69.49 85.25
99.85 69.80 85.25 to 95.78 69.80 85.25
95.78 70.11 85.25 to 99.85 70.11 85.25
99.85 70.43 85.25 to 95.78 70.43 85.25
95.78 70.74 85.25 to 99.85 70.74 85.25
99.85 71.05 85.25 to 95.78 71.05 85.25
95.78 71.36 85.25 to 99.85 71.36 85.25
95.78 60.72 85.5 to 99.85 60.72 85.5
99.85 61.04 85.5 to 95.78 61.04 85.5
95.78 61.35 85.5 to 99.85 61.35 85.5
99.85 61.66 85.5 to 95.78 61.66 85.5
95.78 61.97 85.5 to 99.85 61.97 85.5
99.85 62.29 85.5 to 95.78 62.29 85.5
95.78 62.60 85.5 to 99.85 62.60 85.5
99.85 62.91 85.5 to 95.78 62.91 85.5
95.78 63.23 85.5 to 99.85 63.23 85.5
99.85 63.54 85.5 to 95.78 63.54 85.5
95.78 63.85 85.5 to 99.85 63.85 85.5
99.85 64.17 85.5 to 95.78 64.17 85.5
95.78 64.48 85.5 to 99.85 64.48 85.5
99.85 64.79 85.5 to 95.78 64.79 85.5
95.78 65.10 85.5 to 99.85 65.10 85.5
99.85 65.42 85.5 to 95.78 65.42 85.5
95.78 65.73 85.5 to 99.85 65.73 85.5
99.85 66.04 85.5 to 95.78 66.04 85.5
95.78 66.36 85.5 to 99.85 66.36 85.5
99.85 66.67 85.5 to 95.78 66.67 85.5
95.78 66.98 85.5 to 99.85 66.98 85.5
99.85 67.30 85.5 to 95.78 67.30 85.5
95.78 67.61 85.5 to 99.85 67.61 85.5
99.85 67.92 85.5 to 95.78 67.92 85.5
95.78 68.23 85.5 to 99.85 68.23 85.5
99.85 68.55 85.5 to 95.78 68.55 85.5
95.78 68.86 85.5 to 99.85 68.86 85.5
99.85 69.17 85.5 to 95.78 69.17 85.5
95.78 69.49 85.5 to 99.85 69.49 85.5
99.85 69.80 85.5 to 95.78 69.80 85.5
95.78 70.11 85.5 to 99.85 70.11 85.5
99.85 70.43 85.5 to 95.78 70.43 85.5
95.78 70.74 85.5 to 99.85 70.74 85.5
99.85 71.05 85.5 to 95.78 71.05 85.5
95.78 71.36 85.5 to 99.85 71.36 85.5
95.78 60.72 85.75 to 99.85 60.72 85.75
99.85 61.04 85.75 to 95.78 61.04 85.75
95.78 61.35 85.75 to 99.85 61.35 85.75
99.85 61.66 85.75 to 95.78 61.66 85.75
95.78 61.97 85.75 to 99.85 61.97 85.75
99.85 62.29 85.75 to 95.78 62.29 85.75
95.78 62.60 85.75 to 99.85 62.60 85.75
99.85 62.91 85.75 to 95.78 62.91 85.75
95.78 63.23 85.75 to 99.85 63.23 85.75
99.85 63.54 85.75 to 95.78 63.54 85.75
95.78 63.85 85.75 to 99.85 63.85 85.75
99.85 64.17 85.75 to 95.78 64.17 85.75
95.78 64.48 85.75 to 99.85 64.48 85.75
99.85 64.79 85.75 to 95.78 64.79 85.75
95.78 65.10 85.75 to 99.85 65.10 85.75
99.85 65.42 85.75 to 95.78 65.42 85.75
95.78 65.73 85.75 to 99.85 65.73 85.75
99.85 66.04 85.75 to 95.78 66.04 85.75
95.78 66.36 85.75 to 99.85 66.36 85.75
99.85 66.67 85.75 to 95.78 66.67 85.75
95.78 66.98 85.75 to 99.85 66.98 85.75
99.85 67.30 85.75 to 95.78 67.30 85.75
95.78 67.61 85.75 to 99.85 67.61 85.75
99.85 67.92 85.75 to 95.78 67.92 85.75
95.78 68.23 85.75 to 99.85 68.23 85.75
99.85 68.55 85.75 to 95.78 68.55 85.75
95.78 68.86 85.75 to 99.85 68.86 85.75
99.85 69.17 85.75 to 95.78 69.17 85.75
95.78 69.49 85.75 to 99.85 69.49 85.75
99.85 69.80 85.75 to 95.78 69.80 85.75
95.78 70.11 85.75 to 99.85 70.11 85.75
99.85 70.43 85.75 to 95.78 70.43 85.75
95.78 70.74 85.75 to 99.85 70.74 85.75
99.85 71.05 85.75 to 95.78 71.05 85.75
95.78 71.36 85.75 to 99.85 71.36 85.75
95.78 60.72 86 to 99.85 60.72 86
99.85 61.04 86 to 95.78 61.04 86
95.78 61.35 86 to 99.85 61.35 86
99.85 61.66 86 to 95.78 61.66 86
95.78 61.97 86 to 99.85 61.97 86
99.85 62.29 86 to 95.78 62.29 86
95.78 62.60 86 to 99.85 62.60 86
99.85 62.91 86 to 95.78 62.91 86
95.78 63.23 86 to 99.85 63.23 86
99.85 63.54 86 to 95.78 63.54 86
95.78 63.85 86 to 99.85 63.85 86
99.85 64.17 86 to 95.78 64.17 86
95.78 64.48 86 to 99.85 64.48 86
99.85 64.79 86 to 95.78 64.79 86
95.78 65.10 86 to 99.85 65.10 86
99.85 65.42 86 to 95.78 65.42 86
95.78 65.73 86 to 99.85 65.73 86
99.85 66.04 86 to 95.78 66.04 86
95.78 66.36 86 to 99.85 66.36 86
99.85 66.67 86 to 95.78 66.67 86
95.78 66.98 86 to 99.85 66.98 86
99.85 67.30 86 to 95.78 67.30 86
95.78 67.61 86 to 99.85 67.61 86
99.85 67.92 86 to 95.78 67.92 86
95.78 68.23 86 to 99.85 68.23 86
99.85 68.55 86 to 95.78 68.55 86
95.78 68.86 86 to 99.85 68.86 86
99.85 69.17 86 to 95.78 69.17 86
95.78 69.49 86 to 99.85 69.49 86
99.85 69.80 86 to 95.78 69.80 86
95.78 70.11 86 to 99.85 70.11 86
99.85 70.43 86 to 95.78 70.43 86
95.78 70.74 86 to 99.85 70.74 86
99.85 71.05 86 to 95.78 71.05 86
95.78 71.36 86 to 99.85 71.36 86
95.78 60.72 86.25 to 99.85 60.72 86.25
99.85 61.04 86.25 to 95.78 61.04 86.25
95.78 61.35 86.25 to 99.85 61.35 86.25
99.85 61.66 86.25 to 95.78 61.66 86.25
95.78 61.97 86.25 to 99.85 61.97 86.25
99.85 62.29 86.25 to 95.78 62.29 86.25
95.78 62.60 86.25 to 99.85 62.60 86.25
99.85 62.91 86.25 to 95.78 62.91 86.25
95.78 63.23 86.25 to 99.85 63.23 86.25
99.85 63.54 86.25 to 95.78 63.54 86.25
95.78 63.85 86.25 to 99.85 63.85 86.25
99.85 64.17 86.25 to 95.78 64.17 86.25
95.78 64.48 86.25 to 99.85 64.48 86.25
99.85 64.79 86.25 to 95.78 64.79 86.25
95.78 65.10 86.25 to 99.85 65.10 86.25
99.85 65.42 86.25 to 95.78 65.42 86.25
95.78 65.73 86.25 to 99.85 65.73 86.25
99.85 66.04 86.25 to 95.78 66.04 86.25
95.78 66.36 86.25 to 99.85 66.36 86.25
99.85 66.67 86.25 to 95.78 66.67 86.25
95.78 66.98 86.25 to 99.85 66.98 86.25
99.85 67.30 86.25 to 95.78 67.30 86.25
95.78 67.61 86.25 to 99.85 67.61 86.25
99.85 67.92 86.25 to 95.78 67.92 86.25
95.78 68.23 86.25 to 99.85 68.23 86.25
99.85 68.55 86.25 to 95.78 68.55 86.25
95.78 68.86 86.25 to 99.85 68.86 86.25
99.85 69.17 86.25 to 95.78 69.17 86.25
95.78 69.49 86.25 to 99.85 69.49 86.25
99.85 69.80 86.25 to 95.78 69.80 86.25
95.78 70.11 86.25 to 99.85 70.11 86.25
99.85 70.43 86.25 to 95.78 70.43 86.25
95.78 70.74 86.25 to 99.85 70.74 86.25
99.85 71.05 86.25 to 95.78 71.05 86.25
95.78 71.36 86.25 to 99.85 71.36 86.25
95.78 60.72 86.5 to 99.85 60.72 86.5
99.85 61.04 86.5 to 95.78 61.04 86.5
95.78 61.35 86.5 to 99.85 61.35 86.5
99.85 61.66 86.5 to 95.78 61.66 86.5
95.78 61.97 86.5 to 99.85 61.97 86.5
99.85 62.29 86.5 to 95.78 62.29 86.5
95.78 62.60 86.5 to 99.85 62.60 86.5
99.85 62.91 86.5 to 95.78 62.91 86.5
95.78 63.23 86.5 to 99.85 63.23 86.5
99.85 63.54 86.5 to 95.78 63.54 86.5
95.78 63.85 86.5 to 99.85 63.85 86.5
99.85 64.17 86.5 to 95.78 64.17 86.5
95.78 64.48 86.5 to 99.85 64.48 86.5
99.85 64.79 86.5 to 95.78 64.79 86.5
95.78 65.10 86.5 to 99.85 65.10 86.5
99.85 65.42 86.5 to 95.78 65.42 86.5
95.78 65.73 86.5 to 99.85 65.73 86.5
99.85 66.04 86.5 to 95.78 66.04 86.5
95.78 66.36 86.5 to 99.85 66.36 86.5
99.85 66.67 86.5 to 95.78 66.67 86.5
95.78 66.98 86.5 to 99.85 66.98 86.5
99.85 67.30 86.5 to 95.78 67.30 86.5
95.78 67.61 86.5 to 99.85 67.61 86.5
99.85 67.92 86.5 to 95.78 67.92 86.5
95.78 68.23 86.5 to 99.85 68.23 86.5
99.85 68.55 86.5 to 95.78 68.55 86.5
95.78 68.86 86.5 to 99.85 68.86 86.5
99.85 69.17 86.5 to 95.78 69.17 86.5
95.78 69.49 86.5 to 99.85 69.49 86.5
99.85 69.80 86.5 to 95.78 69.80 86.5
95.78 70.11 86.5 to 99.85 70.11 86.5
99.85 70.43 86.5 to 95.78 70.43 86.5
95.78 70.74 86.5 to 99.85 70.74 86.5
99.85 71.05 86.5 to 95.78 71.05 86.5
95.78 71.36 86.5 to 99.85 71.36 86.5
95.78 60.72 86.75 to 99.85 60.72 86.75
99.85 61.04 86.75 to 95.78 61.04 86.75
95.78 61.35 86.75 to 99.85 61.35 86.75
99.85 61.66 86.75 to 95.78 61.66 86.75
95.78 61.97 86.75 to 99.85 61.97 86.75
99.85 62.29 86.75 to 95.78 62.29 86.75
95.78 62.60 86.75 to 99.85 62.60 86.75
99.85 62.91 86.75 to 95.78 62.91 86.75
95.78 63.23 86.75 to 99.85 63.23 86.75
99.85 63.54 86.75 to 95.78 63.54 86.75
95.78 63.85 86.75 to 99.85 63.85 86.75
99.85 64.17 86.75 to 95.78 64.17 86.75
95.78 64.48 86.75 to 99.85 64.48 86.75
99.85 64.79 86.75 to 95.78 64.79 86.75
95.78 65.10 86.75 to 99.85 65.10 86.75
99.85 65.42 86.75 to 95.78 65.42 86.75
95.78 65.73 86.75 to 99.85 65.73 86.75
99.85 66.04 86.75 to 95.78 66.04 86.75
95.78 66.36 86.75 to 99.85 66.36 86.75
99.85 66.67 86.75 to 95.78 66.67 86.75
95.78 66.98 86.75 to 99.85 66.98 86.75
99.85 67.30 86.75 to 95.78 67.30 86.75
95.78 67.61 86.75 to 99.85 67.61 86.75
99.85 67.92 86.75 to 95.78 67.92 86.75
95.78 68.23 86.75 to 99.85 68.23 86.75
99.85 68.55 86.75 to 95.78 68.55 86.75
95.78 68.86 86.75 to 99.85 68.86 86.75
99.85 69.17 86.75 to 95.78 69.17 86.75
95.78 69.49 86.75 to 99.85 69.49 86.75
99.85 69.80 86.75 to 95.78 69.80 86.75
95.78 70.11 86.75 to 99.85 70.11 86.75
99.85 70.43 86.75 to 95.78 70.43 86.75
95.78 70.74 86.75 to 99.85 70.74 86.75
99.85 71.05 86.75 to 95.78 71.05 86.75
95.78 71.36 86.75 to 99.85 71.36 86.75
95.78 60.72 87 to 99.85 60.72 87
99.85 61.04 87 to 95.78 61.04 87
95.78 61.35 87 to 99.85 61.35 87
99.85 61.66 87 to 95.78 61.66 87
95.78 61.97 87 to 99.85 61.97 87
99.85 62.29 87 to 95.78 62.29 87
95.78 62.60 87 to 99.85 62.60 87
99.85 62.91 87 to 95.78 62.91 87
95.78 63.23 87 to 99.85 63.23 87
99.85 63.54 87 to 95.78 63.54 87
95.78 63.85 87 to 99.85 63.85 87
99.85 64.17 87 to 95.78 64.17 87
95.78 64.48 87 to 99.85 64.48 87
99.85 64.79 87 to 95.78 64.79 87
95.78 65.10 87 to 99.85 65.10 87
99.85 65.42 87 to 95.78 65.42 87
95.78 65.73 87 to 99.85 65.73 87
99.85 66.04 87 to 95.78 66.04 87
95.78 66.36 87 to 99.85 66.36 87
99.85 66.67 87 to 95.78 66.67 87
95.78 66.98 87 to 99.85 66.98 87
99.85 67.30 87 to 95.78 67.30 87
95.78 67.61 87 to 99.85 67.61 87
99.85 67.92 87 to 95.78 67.92 87
95.78 68.23 87 to 99.85 68.23 87
99.85 68.55 87 to 95.78 68.55 87
95.78 68.86 87 to 99.85 68.86 87
99.85 69.17 87 to 95.78 69.17 87
95.78 69.49 87 to 99.85 69.49 87
99.85 69.80 87 to 95.78 69.80 87
95.78 70.11 87 to 99.85 70.11 87
99.85 70.43 87 to 95.78 70.43 87
95.78 70.74 87 to 99.85 70.74 87
99.85 71.05 87 to 95.78 71.05 87
95.78 71.36 87 to 99.85 71.36 87
95.78 60.72 87.25 to 99.85 60.72 87.25
99.85 61.04 87.25 to 95.78 61.04 87.25
95.78 61.35 87.25 to 99.85 61.35 87.25
99.85 61.66 87.25 to 95.78 61.66 87.25
95.78 61.97 87.25 to 99.85 61.97 87.25
99.85 62.29 87.25 to 95.78 62.29 87.25
95.78 62.60 87.25 to 99.85 62.60 87.25
99.85 62.91 87.25 to 95.78 62.91 87.25
95.78 63.23 87.25 to 99.85 63.23 87.25
99.85 63.54 87.25 to 95.78 63.54 87.25
95.78 63.85 87.25 to 99.85 63.85 87.25
99.85 64.17 87.25 to 95.78 64.17 87.25
95.78 64.48 87.25 to 99.85 64.48 87.25
99.85 64.79 87.25 to 95.78 64.79 87.25
95.78 65.10 87.25 to 99.85 65.10 87.25
99.85 65.42 87.25 to 95.78 65.42 87.25
95.78 65.73 87.25 to 99.85 65.73 87.25
99.85 66.04 87.25 to 95.78 66.04 87.25
95.78 66.36 87.25 to 99.85 66.36 87.25
99.85 66.67 87.25 to 95.78 66.67 87.25
95.78 66.98 87.25 to 99.85 66.98 87.25
99.85 67.30 87.25 to 95.78 67.30 87.25
95.78 67.61 87.25 to 99.85 67.61 87.25
99.85 67.92 87.25 to 95.78 67.92 87.25
95.78 68.23 87.25 to 99.85 68.23 87.25
99.85 68.55 87.25 to 95.78 68.55 87.25
95.78 68.86 87.25 to 99.85 68.86 87.25
99.85 69.17 87.25 to 95.78 69.17 87.25
95.78 69.49 87.25 to 99.85 69.49 87.25
99.85 69.80 87.25 to 95.78 69.80 87.25
95.78 70.11 87.25 to 99.85 70.11 87.25
99.85 70.43 87.25 to 95.78 70.43 87.25
95.78 70.74 87.25 to 99.85 70.74 87.25
99.85 71.05 87.25 to 95.78 71.05 87.25
95.78 71.36 87.25 to 99.85 71.36 87.25
95.78 60.72 87.5 to 99.85 60.72 87.5
99.85 61.04 87.5 to 95.78 61.04 87.5
95.78 61.35 87.5 to 99.85 61.35 87.5
99.85 61.66 87.5 to 95.78 61.66 87.5
95.78 61.97 87.5 to 99.85 61.97 87.5
99.85 62.29 87.5 to 95.78 62.29 87.5
95.78 62.60 87.5 to 99.85 62.60 87.5
99.85 62.91 87.5 to 95.78 62.91 87.5
95.78 63.23 87.5 to 99.85 63.23 87.5
99.85 63.54 87.5 to 95.78 63.54 87.5
95.78 63.85 87.5 to 99.85 63.85 87.5
99.85 64.17 87.5 to 95.78 64.17 87.5
95.78 64.48 87.5 to 99.85 64.48 87.5
99.85 64.79 87.5 to 95.78 64.79 87.5
95.78 65.10 87.5 to 99.85 65.10 87.5
99.85 65.42 87.5 to 95.78 65.42 87.5
95.78 65.73 87.5 to 99.85 65.73 87.5
99.85 66.04 87.5 to 95.78 66.04 87.5
95.78 66.36 87.5 to 99.85 66.36 87.5
99.85 66.67 87.5 to 95.78 66.67 87.5
95.78 66.98 87.5 to 99.85 66.98 87.5
99.85 67.30 87.5 to 95.78 67.30 87.5
95.78 67.61 87.5 to 99.85 67.61 87.5
99.85 67.92 87.5 to 95.78 67.92 87.5
95.78 68.23 87.5 to 99.85 68.23 87.5
99.85 68.55 87.5 to 95.78 68.55 87.5
95.78 68.86 87.5 to 99.85 68.86 87.5
99.85 69.17 87.5 to 95.78 69.17 87.5
95.78 69.49 87.5 to 99.85 69.49 87.5
99.85 69.80 87.5 to 95.78 69.80 87.5
95.78 70.11 87.5 to 99.85 70.11 87.5
99.85 70.43 87.5 to 95.78 70.43 87.5
95.78 70.74 87.5 to 99.85 70.74 87.5
99.85 71.05 87.5 to 95.78 71.05 87.5
95.78 71.36 87.5 to 99.85 71.36 87.5
95.78 60.72 87.75 to 99.85 60.72 87.75
99.85 61.04 87.75 to 95.78 61.04 87.75
95.78 61.35 87.75 to 99.85 61.35 87.75
99.85 61.66 87.75 to 95.78 61.66 87.75
95.78 61.97 87.75 to 99.85 61.97 87.75
99.85 62.29 87.75 to 95.78 62.29 87.75
95.78 62.60 87.75 to 99.85 62.60 87.75
99.85 62.91 87.75 to 95.78 62.91 87.75
95.78 63.23 87.75 to 99.85 63.23 87.75
99.85 63.54 87.75 to 95.78 63.54 87.75
95.78 63.85 87.75 to 99.85 63.85 87.75
99.85 64.17 87.75 to 95.78 64.17 87.75
95.78 64.48 87.75 to 99.85 64.48 87.75
99.85 64.79 87.75 to 95.78 64.79 87.75
95.78 65.10 87.75 to 99.85 65.10 87.75
99.85 65.42 87.75 to 95.78 65.42 87.75
95.78 65.73 87.75 to 99.85 65.73 87.75
99.85 66.04 87.75 to 95.78 66.04 87.75
95.78 66.36 87.75 to 99.85 66.36 87.75
99.85 66.67 87.75 to 95.78 66.67 87.75
95.78 66.98 87.75 to 99.85 66.98 87.75
99.85 67.30 87.75 to 95.78 67.30 87.75
95.78 67.61 87.75 to 99.85 67.61 87.75
99.85 67.92 87.75 to 95.78 67.92 87.75
95.78 68.23 87.75 to 99.85 68.23 87.75
99.85 68.55 87.75 to 95.78 68.55 87.75
95.78 68.86 87.75 to 99.85 68.86 87.75
99.85 69.17 87.75 to 95.78 69.17 87.75
95.78 69.49 87.75 to 99.85 69.49 87.75
99.85 69.80 87.75 to 95.78 69.80 87.75
95.78 70.11 87.75 to 99.85 70.11 87.75
99.85 70.43 87.75 to 95.78 70.43 87.75
95.78 70.74 87.75 to 99.85 70.74 87.75
99.85 71.05 87.75 to 95.78 71.05 87.75
95.78 71.36 87.75 to 99.85 71.36 87.75
95.78 60.72 88 to 99.85 60.72 88
99.85 61.04 88 to 95.78 61.04 88
95.78 61.35 88 to 99.85 61.35 88
99.85 61.66 88 to 95.78 61.66 88
95.78 61.97 88 to 99.85 61.97 88
99.85 62.29 88 to 95.78 62.29 88
95.78 62.60 88 to 99.85 62.60 88
99.85 62.91 88 to 95.78 62.91 88
95.78 63.23 88 to 99.85 63.23 88
99.85 63.54 88 to 95.78 63.54 88
95.78 63.85 88 to 99.85 63.85 88
99.85 64.17 88 to 95.78 64.17 88
95.78 64.48 88 to 99.85 64.48 88
99.85 64.79 88 to 95.78 64.79 88
95.78 65.10 88 to 99.85 65.10 88
99.85 65.42 88 to 95.78 65.42 88
95.78 65.73 88 to 99.85 65.73 88
99.85 66.04 88 to 95.78 66.04 88
95.78 66.36 88 to 99.85 66.36 88
99.85 66.67 88 to 95.78 66.67 88
95.78 66.98 88 to 99.85 66.98 88
99.85 67.30 88 to 95.78 67.30 88
95.78 67.61 88 to 99.85 67.61 88
99.85 67.92 88 to 95.78 67.92 88
95.78 68.23 88 to 99.85 68.23 88
99.85 68.55 88 to 95.78 68.55 88
95.78 68.86 88 to 99.85 68.86 88
99.85 69.17 88 to 95.78 69.17 88
95.78 69.49 88 to 99.85 69.49 88
99.85 69.80 88 to 95.78 69.80 88
95.78 70.11 88 to 99.85 70.11 88
99.85 70.43 88 to 95.78 70.43 88
95.78 70.74 88 to 99.85 70.74 88
99.85 71.05 88 to 95.78 71.05 88
95.78 71.36 88 to 99.85 71.36 88
95.78 60.72 88.25 to 99.85 60.72 88.25
99.85 61.04 88.25 to 95.78 61.04 88.25
95.78 61.35 88.25 to 99.85 61.35 88.25
99.85 61.66 88.25 to 95.78 61.66 88.25
95.78 61.97 88.25 to 99.85 61.97 88.25
99.85 62.29 88.25 to 95.78 62.29 88.25
95.78 62.60 88.25 to 99.85 62.60 88.25
99.85 62.91 88.25 to 95.78 62.91 88.25
95.78 63.23 88.25 to 99.85 63.23 88.25
99.85 63.54 88.25 to 95.78 63.54 88.25
95.78 63.85 88.25 to 99.85 63.85 88.25
99.85 64.17 88.25 to 95.78 64.17 88.25
95.78 64.48 88.25 to 99.85 64.48 88.25
99.85 64.79 88.25 to 95.78 64.79 88.25
95.78 65.10 88.25 to 99.85 65.10 88.25
99.85 65.42 88.25 to 95.78 65.42 88.25
95.78 65.73 88.25 to 99.85 65.73 88.25
99.85 66.04 88.25 to 95.78 66.04 88.25
95.78 66.36 88.25 to 99.85 66.36 88.25
99.85 66.67 88.25 to 95.78 66.67 88.25
95.78 66.98 88.25 to 99.85 66.98 88.25
99.85 67.30 88.25 to 95.78 67.30 88.25
95.78 67.61 88.25 to 99.85 67.61 88.25
99.85 67.92 88.25 to 95.78 67.92 88.25
95.78 68.23 88.25 to 99.85 68.23 88.25
99.85 68.55 88.25 to 95.78 68.55 88.25
95.78 68.86 88.25 to 99.85 68.86 88.25
99.85 69.17 88.25 to 95.78 69.17 88.25
95.78 69.49 88.25 to 99.85 69.49 88.25
99.85 69.80 88.25 to 95.78 69.80 88.25
95.78 70.11 88.25 to 99.85 70.11 88.25
99.85 70.43 88.25 to 95.78 70.43 88.25
95.78 70.74 88.25 to 99.85 70.74 88.25
99.85 71.05 88.25 to 95.78 71.05 88.25
95.78 71.36 88.25 to 99.85 71.36 88.25
95.78 60.72 88.5 to 99.85 60.72 88.5
99.85 61.04 88.5 to 95.78 61.04 88.5
95.78 61.35 88.5 to 99.85 61.35 88.5
99.85 61.66 88.5 to 95.78 61.66 88.5
95.78 61.97 88.5 to 99.85 61.97 88.5
99.85 62.29 88.5 to 95.78 62.29 88.5
95.78 62.60 88.5 to 99.85 62.60 88.5
99.85 62.91 88.5 to 95.78 62.91 88.5
95.78 63.23 88.5 to 99.85 63.23 88.5
99.85 63.54 88.5 to 95.78 63.54 88.5
95.78 63.85 88.5 to 99.85 63.85 88.5
99.85 64.17 88.5 to 95.78 64.17 88.5
95.78 64.48 88.5 to 99.85 64.48 88.5
99.85 64.79 88.5 to 95.78 64.79 88.5
95.78 65.10 88.5 to 99.85 65.10 88.5
99.85 65.42 88.5 to 95.78 65.42 88.5
95.78 65.73 88.5 to 99.85 65.73 88.5
99.85 66.04 88.5 to 95.78 66.04 88.5
95.78 66.36 88.5 to 99.85 66.36 88.5
99.85 66.67 88.5 to 95.78 66.67 88.5
95.78 66.98 88.5 to 99.85 66.98 88.5
99.85 67.30 88.5 to 95.78 67.30 88.5
95.78 67.61 88.5 to 99.85 67.61 88.5
99.85 67.92 88.5 to 95.78 67.92 88.5
95.78 68.23 88.5 to 99.85 68.23 88.5
99.85 68.55 88.5 to 95.78 68.55 88.5
95.78 68.86 88.5 to 99.85 68.86 88.5
99.85 69.17 88.5 to 95.78 69.17 88.5
95.78 69.49 88.5 to 99.85 69.49 88.5
99.85 69.80 88.5 to 95.78 69.80 88.5
95.78 70.11 88.5 to 99.85 70.11 88.5
99.85 70.43 88.5 to 95.78 70.43 88.5
95.78 70.74 88.5 to 99.85 70.74 88.5
99.85 71.05 88.5 to 95.78 71.05 88.5
95.78 71.36 88.5 to 99.85 71.36 88.5
95.78 60.72 88.75 to 99.85 60.72 88.75
99.85 61.04 88.75 to 95.78 61.04 88.75
95.78 61.35 88.75 to 99.85 61.35 88.75
99.85 61.66 88.75 to 95.78 61.66 88.75
95.78 61.97 88.75 to 99.85 61.97 88.75
99.85 62.29 88.75 to 95.78 62.29 88.75
95.78 62.60 88.75 to 99.85 62.60 88.75
99.85 62.91 88.75 to 95.78 62.91 88.75
95.78 63.23 88.75 to 99.85 63.23 88.75
99.85 63.54 88.75 to 95.78 63.54 88.75
95.78 63.85 88.75 to 99.85 63.85 88.75
99.85 64.17 88.75 to 95.78 64.17 88.75
95.78 64.48 88.75 to 99.85 64.48 88.75
99.85 64.79 88.75 to 95.78 64.79 88.75
95.78 65.10 88.75 to 99.85 65.10 88.75
99.85 65.42 88.75 to 95.78 65.42 88.75
95.78 65.73 88.75 to 99.85 65.73 88.75
99.85 66.04 88.75 to 95.78 66.04 88.75
95.78 66.36 88.75 to 99.85 66.36 88.75
99.85 66.67 88.75 to 95.78 66.67 88.75
95.78 66.98 88.75 to 99.85 66.98 88.75
99.85 67.30 88.75 to 95.78 67.30 88.75
95.78 67.61 88.75 to 99.85 67.61 88.75
99.85 67.92 88.75 to 95.78 67.92 88.75
95.78 68.23 88.75 to 99.85 68.23 88.75
99.85 68.55 88.75 to 95.78 68.55 88.75
95.78 68.86 88.75 to 99.85 68.86 88.75
99.85 69.17 88.75 to 95.78 69.17 88.75
95.78 69.49 88.75 to 99.85 69.49 88.75
99.85 69.80 88.75 to 95.78 69.80 88.75
95.78 70.11 88.75 to 99.85 70.11 88.75
99.85 70.43 88.75 to 95.78 70.43 88.75
95.78 70.74 88.75 to 99.85 70.74 88.75
99.85 71.05 88.75 to 95.78 71.05 88.75
95.78 71.36 88.75 to 99.85 71.36 88.75
95.78 60.72 89 to 99.85 60.72 89
99.85 61.04 89 to 95.78 61.04 89
95.78 61.35 89 to 99.85 61.35 89
99.85 61.66 89 to 95.78 61.66 89
95.78 61.97 89 to 99.85 61.97 89
99.85 62.29 89 to 95.78 62.29 89
95.78 62.60 89 to 99.85 62.60 89
99.85 62.91 89 to 95.78 62.91 89
95.78 63.23 89 to 99.85 63.23 89
99.85 63.54 89 to 95.78 63.54 89
95.78 63.85 89 to 99.85 63.85 89
99.85 64.17 89 to 95.78 64.17 89
95.78 64.48 89 to 99.85 64.48 89
99.85 64.79 89 to 95.78 64.79 89
95.78 65.10 89 to 99.85 65.10 89
99.85 65.42 89 to 95.78 65.42 89
95.78 65.73 89 to 99.85 65.73 89
99.85 66.04 89 to 95.78 66.04 89
95.78 66.36 89 to 99.85 66.36 89
99.85 66.67 89 to 95.78 66.67 89
95.78 66.98 89 to 99.85 66.98 89
99.85 67.30 89 to 95.78 67.30 89
95.78 67.61 89 to 99.85 67.61 89
99.85 67.92 89 to 95.78 67.92 89
95.78 68.23 89 to 99.85 68.23 89
99.85 68.55 89 to 95.78 68.55 89
95.78 68.86 89 to 99.85 68.86 89
99.85 69.17 89 to 95.78 69.17 89
95.78 69.49 89 to 99.85 69.49 89
99.85 69.80 89 to 95.78 69.80 89
95.78 70.11 89 to 99.85 70.11 89
99.85 70.43 89 to 95.78 70.43 89
95.78 70.74 89 to 99.85 70.74 89
99.85 71.05 89 to 95.78 71.05 89
95.78 71.36 89 to 99.85 71.36 89
99.85 71.68 89 to 95.78 71.68 89
95.78 60.72 89.25 to 99.85 60.72 89.25
99.85 61.04 89.25 to 95.78 61.04 89.25
95.78 61.35 89.25 to 99.85 61.35 89.25
99.85 61.66 89.25 to 95.78 61.66 89.25
95.78 61.97 89.25 to 99.85 61.97 89.25
99.85 62.29 89.25 to 95.78 62.29 89.25
95.78 62.60 89.25 to 99.85 62.60 89.25
99.85 62.91 89.25 to 95.78 62.91 89.25
95.78 63.23 89.25 to 99.85 63.23 89.25
99.85 63.54 89.25 to 95.78 63.54 89.25
95.78 63.85 89.25 to 99.85 63.85 89.25
99.85 64.17 89.25 to 95.78 64.17 89.25
95.78 64.48 89.25 to 99.85 64.48 89.25
99.85 64.79 89.25 to 95.78 64.79 89.25
95.78 65.10 89.25 to 99.85 65.10 89.25
99.85 65.42 89.25 to 95.78 65.42 89.25
95.78 65.73 89.25 to 99.85 65.73 89.25
99.85 66.04 89.25 to 95.78 66.04 89.25
95.78 66.36 89.25 to 99.85 66.36 89.25
99.85 66.67 89.25 to 95.78 66.67 89.25
95.78 66.98 89.25 to 99.85 66.98 89.25
99.85 67.30 89.25 to 95.78 67.30 89.25
95.78 67.61 89.25 to 99.85 67.61 89.25
99.85 67.92 89.25 to 95.78 67.92 89.25
95.78 68.23 89.25 to 99.85 68.23 89.25
99.85 68.55 89.25 to 95.78 68.55 89.25
95.78 68.86 89.25 to 99.85 68.86 89.25
99.85 69.17 89.25 to 95.78 69.17 89.25
95.78 69.49 89.25 to 99.85 69.49 89.25
99.85 69.80 89.25 to 95.78 69.80 89.25
95.78 70.11 89.25 to 99.85 70.11 89.25
99.85 70.43 89.25 to 95.78 70.43 89.25
95.78 70.74 89.25 to 99.85 70.74 89.25
99.85 71.05 89.25 to 95.78 71.05 89.25
95.78 71.36 89.25 to 99.85 71.36 89.25
99.85 71.68 89.25 to 95.78 71.68 89.25
95.78 60.72 89.5 to 99.85 60.72 89.5
99.85 61.04 89.5 to 95.78 61.04 89.5
95.78 61.35 89.5 to 99.85 61.35 89.5
99.85 61.66 89.5 to 95.78 61.66 89.5
95.78 61.97 89.5 to 99.85 61.97 89.5
99.85 62.29 89.5 to 95.78 62.29 89.5
95.78 62.60 89.5 to 99.85 62.60 89.5
99.85 62.91 89.5 to 95.78 62.91 89.5
95.78 63.23 89.5 to 99.85 63.23 89.5
99.85 63.54 89.5 to 95.78 63.54 89.5
95.78 63.85 89.5 to 99.85 63.85 89.5
99.85 64.17 89.5 to 95.78 64.17 89.5
95.78 64.48 89.5 to 99.85 64.48 89.5
99.85 64.79 89.5 to 95.78 64.79 89.5
95.78 65.10 89.5 to 99.85 65.10 89.5
99.85 65.42 89.5 to 95.78 65.42 89.5
95.78 65.73 89.5 to 99.85 65.73 89.5
99.85 66.04 89.5 to 95.78 66.04 89.5
95.78 66.36 89.5 to 99.85 66.36 89.5
99.85 66.67 89.5 to 95.78 66.67 89.5
95.78 66.98 89.5 to 99.85 66.98 89.5
99.85 67.30 89.5 to 95.78 67.30 89.5
95.78 67.61 89.5 to 99.85 67.61 89.5
99.85 67.92 89.5 to 95.78 67.92 89.5
95.78 68.23 89.5 to 99.85 68.23 89.5
99.85 68.55 89.5 to 95.78 68.55 89.5
95.78 68.86 89.5 to 99.85 68.86 89.5
99.85 69.17 89.5 to 95.78 69.17 89.5
95.78 69.49 89.5 to 99.85 69.49 89.5
99.85 69.80 89.5 to 95.78 69.80 89.5
95.78 70.11 89.5 to 99.85 70.11 89.5
99.85 70.43 89.5 to 95.78 70.43 89.5
95.78 70.74 89.5 to 99.85 70.74 89.5
99.85 71.05 89.5 to 95.78 71.05 89.5
95.78 71.36 89.5 to 99.85 71.36 89.5
99.85 71.68 89.5 to 95.78 71.68 89.5
95.78 60.72 89.75 to 99.85 60.72 89.75
99.85 61.04 89.75 to 95.78 61.04 89.75
95.78 61.35 89.75 to 99.85 61.35 89.75
99.85 61.66 89.75 to 95.78 61.66 89.75
95.78 61.97 89.75 to 99.85 61.97 89.75
99.85 62.29 89.75 to 95.78 62.29 89.75
95.78 62.60 89.75 to 99.85 62.60 89.75
99.85 62.91 89.75 to 95.78 62.91 89.75
95.78 63.23 89.75 to 99.85 63.23 89.75
99.85 63.54 89.75 to 95.78 63.54 89.75
95.78 63.85 89.75 to 99.85 63.85 89.75
99.85 64.17 89.75 to 95.78 64.17 89.75
95.78 64.48 89.75 to 99.85 64.48 89.75
99.85 64.79 89.75 to 95.78 64.79 89.75
95.78 65.10 89.75 to 99.85 65.10 89.75
99.85 65.42 89.75 to 95.78 65.42 89.75
95.78 65.73 89.75 to 99.85 65.73 89.75
99.85 66.04 89.75 to 95.78 66.04 89.75
95.78 66.36 89.75 to 99.85 66.36 89.75
99.85 66.67 89.75 to 95.78 66.67 89.75
95.78 66.98 89.75 to 99.85 66.98 89.75
99.85 67.30 89.75 to 95.78 67.30 89.75
95.78 67.61 89.75 to 99.85 67.61 89.75
99.85 67.92 89.75 to 95.78 67.92 89.75
95.78 68.23 89.75 to 99.85 68.23 89.75
99.85 68.55 89.75 to 95.78 68.55 89.75
95.78 68.86 89.75 to 99.85 68.86 89.75
99.85 69.17 89.75 to 95.78 69.17 89.75
95.78 69.49 89.75 to 99.85 69.49 89.75
99.85 69.80 89.75 to 95.78 69.80 89.75
95.78 70.11 89.75 to 99.85 70.11 89.75
99.85 70.43 89.75 to 95.78 70.43 89.75
95.78 70.74 89.75 to 99.85 70.74 89.75
99.85 71.05 89.75 to 95.78 71.05 89.75
95.78 71.36 89.75 to 99.85 71.36 89.75
99.85 71.68 89.75 to 95.78 71.68 89.75
