2.60345038007 6.87075379366 5.88874470581 to 6.62171228969 7.45029960846 5.92490634212
6.57830819286 7.75639437473 5.84231075189 to 2.56004628324 7.17684855994 5.80614911558
2.51799856443 7.47337786476 5.72613463754 to 6.53626047406 8.05292367956 5.76229627385
6.49421275525 8.34945298439 5.68228179582 to 2.47595084563 7.76990716959 5.64612015951
2.43390312682 8.06643647442 5.56610568147 to 6.45216503645 8.64598228921 5.60226731778
6.40876093961 8.95207705549 5.51967172755 to 2.39049902999 8.37253124069 5.48351009124
2.34845131119 8.66906054552 5.40349561321 to 6.36671322081 9.24860636031 5.43965724952
6.324665502 9.54513566514 5.35964277148 to 2.30640359238 8.96558985034 5.32348113517
2.26299949555 9.27168461662 5.24088554494 to 6.28126140517 9.85123043141 5.27704718125
6.23921368637 10.1477597362 5.19703270322 to 2.22095177675 9.56821392144 5.16087106691
2.17890405794 9.86474322627 5.08085658887 to 6.19716596756 10.4442890411 5.11701822518
6.15376187073 10.7503838073 5.03442263495 to 2.13549996111 10.1708379925 4.99826099864
2.09345224231 10.4673672974 4.91824652061 to 6.11171415193 11.0469131122 4.95440815692
6.06966643312 11.343442417 4.87439367888 to 2.0514045235 10.7638966022 4.83823204257
2.00935680469 11.060425907 4.75821756454 to 6.02761871432 11.6399717218 4.79437920085
5.98421461749 11.9460664881 4.71178361062 to 1.96595270786 11.3665206733 4.67562197431
1.92390498906 11.6630499781 4.59560749627 to 5.94216689868 12.2425957929 4.63176913258
5.90011917988 12.5391250977 4.55175465455 to 1.88185727025 11.959579283 4.51559301824
1.83845317342 12.2656740492 4.43299742801 to 5.85671508304 12.845219864 4.46915906432
5.81466736424 13.1417491688 4.38914458628 to 1.79640545462 12.5622033541 4.35298294997
1.75435773581 12.8587326589 4.27296847194 to 5.77261964543 13.4382784737 4.30913010825
5.7292155486 13.7443732399 4.22653451802 to 1.71095363898 13.1648274252 4.19037288171
1.66890592018 13.46135673 4.11035840367 to 5.6871678298 14.0409025448 4.14652003998
5.64512011099 14.3374318496 4.06650556195 to 1.62685820137 13.7578860348 4.03034392564
1.58481048257 14.0544153396 3.9503294476 to 5.60307239219 14.6339611544 3.98649108391
5.55966829536 14.9400559207 3.90389549368 to 1.54140638574 14.3605101059 3.86773385737
1.49935866693 14.6570394107 3.78771937934 to 5.51762057655 15.2365852255 3.82388101565
5.47557285775 15.5331145304 3.74386653761 to 1.45731094813 14.9535687156 3.7077049013
1.41390685129 15.2596634818 3.62510931107 to 5.43216876092 15.8392092966 3.66127094738
5.39012104211 16.1357386015 3.58125646935 to 1.37185913249 15.5561927867 3.54509483304
1.32981141368 15.8527220915 3.465080355 to 5.34807332331 16.4322679063 3.50124199131
5.30466922647 16.7383626726 3.41864640108 to 1.28640731685 16.1588168578 3.38248476477
1.24435959805 16.4553461626 3.30247028674 to 5.26262150767 17.0348919774 3.33863192305
5.22057378886 17.3314212822 3.25861744501 to 1.20231187924 16.7518754674 3.2224558087
1.16026416044 17.0484047722 3.14244133067 to 5.17852607006 17.627950587 3.17860296698
5.13512197323 17.9340453533 3.09600737675 to 1.11686006361 17.3544995385 3.05984574044
2.59210940491 6.93431619399 6.13026321681 to 6.61037131453 7.51386200879 6.16642485312
6.5669672177 7.81995677506 6.08382926289 to 2.54870530808 7.24041096026 6.04766762658
2.50665758927 7.53694026509 5.96765314855 to 6.5249194989 8.11648607989 6.00381478486
6.48287178009 8.41301538471 5.92380030682 to 2.46460987047 7.83346956992 5.88763867051
2.42256215166 8.12999887474 5.80762419248 to 6.44082406129 8.70954468954 5.84378582879
6.39741996445 9.01563945581 5.76119023856 to 2.37915805483 8.43609364102 5.72502860225
2.33711033603 8.73262294584 5.64501412421 to 6.35537224565 9.31216876064 5.68117576052
6.31332452684 9.60869806547 5.60116128249 to 2.29506261722 9.02915225067 5.56499964618
2.25165852039 9.33524701694 5.48240405595 to 6.26992043001 9.91479283174 5.51856569226
6.22787271121 10.2113221366 5.43855121422 to 2.20961080159 9.63177632177 5.40238957791
2.16756308278 9.9283056266 5.32237509988 to 6.1858249924 10.5078514414 5.35853673619
6.14242089557 10.8139462077 5.27594114596 to 2.12415898595 10.2344003929 5.23977950965
2.08211126715 10.5309296977 5.15976503161 to 6.10037317677 11.1104755125 5.19592666792
6.05832545796 11.4070048173 5.11591218989 to 2.04006354834 10.8274590025 5.07975055358
1.99801582954 11.1239883074 4.99973607554 to 6.01627773916 11.7035341221 5.03589771185
